6
288
288
274
292
278
310
270
290
288
292
276
296
282
280
288
292
274
300
276
288
278
290
292
278
288
290
288
282
296
278
286
296
278
272
300
272
236
254
244
246
244
262
234
266
236
240
270
230
250
256
228
258
250
252
242
258
242
260
242
242
252
244
242
252
238
248
240
252
244
246
238
248
244
238
260
226
264
234
248
248
242
242
236
246
234
244
228
262
228
250
246
238
258
244
244
244
246
250
240
252
228
264
232
230
268
222
246
240
240
248
248
238
244
236
252
236
240
260
220
256
230
262
200
276
228
242
246
240
240
254
234
242
250
240
248
242
234
250
248
234
258
234
260
230
258
238
246
242
250
230
250
244
238
250
232
252
230
246
256
228
246
258
230
264
234
262
246
248
246
246
250
246
242
258
242
238
254
238
274
238
244
252
254
256
238
240
268
232
242
258
236
258
236
244
248
240
244
254
224
252
250
232
256
236
244
242
242
250
248
228
270
226
250
252
224
272
236
236
252
238
252
232
254
244
238
250
246
238
254
232
250
244
252
234
254
238
250
254
234
258
250
250
230
256
256
232
244
252
236
252
242
244
246
240
254
240
238
258
228
264
216
264
244
238
266
242
258
244
256
244
224
240
238
214
260
224
242
224
250
222
238
228
246
214
244
222
232
236
214
238
242
214
250
236
220
236
252
212
246
234
238
228
242
222
244
226
228
246
216
248
222
234
246
230
234
236
240
234
230
244
230
240
228
238
242
220
244
232
234
234
244
226
240
240
226
254
212
260
214
246
222
244
228
248
210
262
228
238
238
236
240
242
238
230
252
240
232
264
216
252
238
244
234
244
254
228
258
232
234
248
226
252
230
238
260
222
242
236
240
240
232
244
242
238
236
246
248
238
258
226
248
248
234
234
240
238
228
234
240
232
226
254
200
252
236
204
260
230
230
232
224
240
224
232
232
222
222
236
220
222
244
220
234
224
246
224
238
228
230
232
236
230
220
234
230
220
246
206
234
224
234
222
222
240
220
226
232
228
222
230
242
196
260
202
252
204
248
222
218
248
212
216
246
216
218
242
204
234
232
204
246
214
210
254
206
230
212
232
218
220
216
218
220
228
206
224
224
220
220
226
214
224
232
216
234
220
228
228
220
232
216
224
210
234
210
180
182
206
176
200
186
190
194
190
190
198
184
188
206
178
202
174
200
180
192
200
176
206
184
186
200
198
178
202
192
202
176
196
198
188
192
196
192
196
196
204
186
192
200
180
210
178
190
218
166
204
200
170
196
204
182
208
188
192
190
202
192
194
194
212
176
208
198
194
196
192
196
196
194
188
200
194
202
204
180
218
178
212
192
192
198
204
194
202
184
198
216
174
218
182
212
198
192
218
180
208
196
200
200
180
220
176
188
214
174
224
164
210
200
188
204
188
206
180
212
186
196
188
206
186
202
178
212
182
202
190
220
184
192
214
196
196
198
204
190
200
202
194
180
202
208
174
216
172
228
168
218
182
198
210
182
198
200
196
204
194
206
176
224
166
206
210
182
216
184
196
202
196
196
192
188
202
190
198
180
196
200
196
186
198
206
186
194
210
198
178
220
192
192
184
230
168
214
186
198
204
200
196
184
214
184
198
202
202
184
224
172
204
214
178
222
174
218
198
192
206
190
208
190
208
186
208
190
200
192
196
196
190
198
286
290
252
300
258
302
252
298
274
280
268
296
248
296
284
266
292
260
298
268
288
264
298
260
292
272
282
272
304
256
298
268
298
268
290
274
294
266
298
266
296
258
292
280
280
276
294
266
298
272
294
266
294
264
290
272
284
270
282
280
278
284
272
278
282
286
272
278
284
280
278
296
258
304
260
292
258
296
252
294
260
290
270
282
286
270
280
278
284
282
270
282
272
290
268
264
290
274
278
278
268
284
286
258
294
268
278
288
280
278
282
278
276
296
276
272
280
304
254
296
286
274
300
278
270
308
272
284
290
266
292
274
278
294
258
298
254
294
280
270
290
274
280
280
270
280
284
258
310
246
292
274
266
286
274
266
284
272
280
264
286
290
266
282
278
272
280
274
274
260
294
262
276
274
274
276
262
276
270
284
264
266
300
246
296
252
292
250
272
278
266
276
268
290
256
294
264
286
264
294
256
274
276
262
276
270
280
272
274
260
288
278
258
290
268
274
282
264
282
278
268
268
288
262
276
272
270
276
272
274
268
272
276
268
272
320
318
318
316
314
314
314
322
304
312
328
304
318
310
322
308
318
314
314
304
324
298
338
300
322
310
320
308
314
318
306
324
318
300
336
318
304
322
322
306
322
318
308
318
318
320
302
320
316
320
304
314
330
296
332
304
326
304
328
316
310
318
322
304
330
302
322
300
328
310
312
332
292
336
306
324
306
322
312
310
332
302
326
304
314
310
326
300
320
316
318
324
314
326
306
336
310
318
326
310
322
318
320
308
320
310
310
322
318
294
332
306
316
300
300
328
312
296
334
300
310
312
316
304
314
304
308
332
300
324
286
332
304
310
300
320
298
304
328
306
306
318
320
308
314
310
320
298
326
310
308
324
304
316
322
292
332
308
312
316
322
304
328
316
310
330
302
328
314
308
318
314
336
280
340
314
292
350
284
340
304
316
320
316
312
322
310
316
324
312
316
316
332
310
314
324
330
322
314
338
306
328
332
320
336
320
326
320
342
312
352
304
344
328
322
332
336
318
340
316
344
318
326
326
328
316
336
324
322
334
334
314
338
328
318
250
280
244
272
274
256
256
254
256
250
252
272
258
248
274
262
254
264
262
270
246
284
258
296
256
270
262
274
256
246
272
258
258
272
258
268
280
268
272
278
260
294
260
270
276
254
290
240
272
260
248
246
252
250
244
234
262
246
228
260
248
242
254
254
248
256
264
244
280
252
278
256
276
266
266
252
264
240
252
268
256
244
276
244
264
270
240
262
272
252
264
266
270
268
274
268
284
270
264
260
284
264
268
278
286
282
278
280
280
264
278
260
268
268
260
294
252
286
272
260
286
268
282
284
276
290
270
316
272
296
288
280
288
280
278
270
272
266
256
250
264
254
248
270
260
258
272
282
260
272
282
268
280
264
270
268
272
266
268
270
276
270
272
284
260
294
274
284
282
268
298
268
258
282
276
274
266
286
272
274
276
272
256
254
272
250
252
262
250
272
266
262
268
280
256
288
264
264
286
274
280
268
302
248
304
248
274
280
256
264
268
282
264
266
268
282
276
270
294
250
292
266
288
268
284
254
284
246
278
230
270
260
246
260
264
300
316
292
290
296
278
268
268
288
250
280
256
294
246
262
262
274
246
272
276
284
286
308
300
294
306
306
288
292
294
270
292
280
290
270
292
280
282
314
282
284
310
272
290
286
286
304
272
294
274
262
260
256
264
256
252
282
282
262
292
282
284
294
276
310
306
296
300
310
304
282
318
288
294
304
284
298
278
284
280
284
282
304
288
302
280
290
294
268
294
266
272
252
290
258
268
276
274
260
274
270
252
268
246
268
258
254
262
268
268
252
280
264
280
276
270
292
262
292
264
296
292
268
304
270
284
284
270
288
294
252
298
280
280
268
284
260
272
260
278
276
276
290
286
274
278
282
256
284
274
270
284
294
284
278
298
294
268
308
278
288
292
276
282
282
256
286
276
256
290
248
278
268
268
254
276
250
282
280
266
290
272
264
276
264
260
258
268
280
288
272
294
312
288
304
304
290
286
298
270
292
284
306
274
308
302
278
312
272
318
276
302
300
290
298
294
290
308
274
300
294
270
296
286
276
276
276
282
246
298
236
282
260
254
308
290
306
306
310
296
314
296
334
298
322
298
314
338
308
308
326
320
320
318
314
310
324
316
342
338
336
348
324
346
326
312
322
314
322
304
322
320
324
318
322
302
322
308
322
306
304
326
300
320
304
310
300
306
294
300
288
316
272
314
298
298
310
312
326
318
320
338
324
328
328
320
326
316
332
318
332
322
322
322
300
336
306
312
314
316
300
328
302
322
312
308
318
310
326
336
304
318
308
322
302
320
304
318
312
302
304
314
296
302
308
328
294
322
320
308
302
304
322
306
288
324
292
302
296
290
300
310
282
332
296
320
338
326
324
324
342
322
310
338
306
312
322
296
318
302
292
318
304
306
318
308
320
314
320
310
306
312
316
304
316
314
306
322
294
316
296
316
288
306
298
288
296
300
284
294
290
288
306
286
306
306
320
294
318
282
296
300
270
306
278
318
284
320
312
314
330
308
328
312
322
308
316
316
300
320
308
332
308
338
300
328
318
304
316
304
312
310
314
324
296
336
320
312
312
302
296
308
308
298
318
324
296
330
318
276
262
254
276
266
260
256
262
252
274
252
274
262
282
254
282
266
268
278
260
286
244
262
262
254
250
256
246
250
264
256
256
262
268
280
266
264
276
280
266
266
260
272
258
252
272
248
254
274
240
268
260
260
268
274
276
278
288
266
304
278
276
296
264
294
252
284
254
264
264
242
266
260
262
250
266
266
256
260
260
278
242
286
252
284
250
270
258
260
266
268
246
266
276
256
292
270
276
286
282
274
272
282
262
274
276
274
266
292
262
268
260
274
248
250
278
224
284
256
268
260
272
272
262
264
278
248
280
256
258
256
262
250
284
240
266
282
250
274
272
260
262
262
266
250
282
244
272
256
252
260
258
252
258
252
246
266
244
286
250
260
282
260
268
260
268
276
260
272
284
250
278
266
280
270
266
286
264
274
264
278
254
258
272
260
258
274
268
272
278
276
276
262
288
238
276
256
246
242
266
226
270
234
246
250
252
246
236
260
246
256
240
272
254
256
248
272
234
248
264
240
272
228
264
262
250
258
262
260
260
262
274
252
262
282
154
190
160
172
178
150
194
156
178
178
170
182
170
188
158
190
168
172
176
164
168
180
150
190
160
176
182
182
174
180
184
182
160
194
176
170
192
174
182
188
174
174
182
172
188
168
180
172
176
174
164
180
162
176
158
178
166
172
164
178
164
170
166
176
154
164
172
144
164
186
134
182
132
186
150
152
172
160
156
176
136
192
152
162
172
168
180
158
190
176
172
174
166
186
166
174
172
178
160
182
152
170
166
164
170
168
162
144
190
150
152
162
146
148
156
140
160
146
136
178
132
174
142
180
148
162
176
150
170
156
194
144
178
162
154
160
152
166
152
154
168
158
154
164
160
148
160
160
160
152
168
138
160
168
148
168
160
166
148
182
156
178
144
190
140
180
158
162
152
166
162
160
152
154
154
164
156
168
160
166
158
162
146
176
142
168
152
162
156
134
172
150
142
160
140
142
164
138
144
140
170
124
176
138
166
142
160
160
132
152
156
132
158
148
154
140
152
154
148
148
154
144
162
146
162
156
154
160
164
150
176
162
160
152
170
344
334
300
350
308
316
320
306
304
284
308
272
278
268
262
256
230
234
228
226
182
222
182
176
178
150
156
124
120
124
106
86
98
74
78
68
42
56
40
50
42
18
16
36
18
-2
10
16
0
2
8
12
0
30
4
26
38
30
54
40
60
70
72
92
100
112
108
138
140
154
160
192
174
210
218
232
230
266
268
288
284
314
312
332
342
362
348
388
384
400
402
424
424
446
454
448
468
480
490
492
500
504
524
534
550
542
576
552
562
574
578
576
602
602
592
616
598
610
598
592
600
566
560
544
514
498
484
470
454
446
424
396
386
344
342
298
300
254
224
222
174
166
138
130
118
78
84
56
30
36
20
10
32
-18
0
-10
-10
8
-14
14
28
20
24
32
58
52
74
90
90
106
132
112
174
144
180
190
174
206
214
196
240
222
224
252
238
276
244
264
286
258
280
286
250
294
268
268
290
256
268
274
260
254
246
236
238
224
198
206
198
180
146
178
134
132
106
112
102
68
90
52
60
16
44
16
-4
16
2
-18
2
-30
-6
-20
-14
-10
-12
-12
10
18
10
42
34
76
66
92
114
116
174
162
198
216
242
260
266
228
282
240
284
244
258
262
280
246
248
276
256
262
254
286
236
248
290
246
256
256
256
230
238
226
244
228
224
212
240
218
224
218
216
238
220
226
220
230
230
208
220
212
230
230
212
258
220
260
234
262
266
252
280
276
268
284
284
294
280
302
306
290
320
284
322
322
310
328
332
332
326
350
348
338
348
360
368
356
370
378
378
382
388
402
390
420
410
424
422
440
424
458
426
480
428
470
448
482
468
478
480
484
488
500
486
488
488
490
490
492
474
482
452
470
444
438
448
424
416
406
418
376
370
376
348
348
322
314
306
278
278
264
248
234
232
212
198
188
182
162
168
168
124
162
126
122
130
120
134
108
134
116
132
116
132
138
136
148
130
166
138
146
180
142
196
146
180
200
160
178
200
190
190
188
202
222
170
226
190
222
216
208
216
216
218
216
234
210
224
224
218
222
206
244
198
228
226
206
224
218
216
226
190
230
196
230
200
214
232
200
222
204
226
218
224
220
228
220
230
218
230
214
244
228
222
258
222
274
230
286
242
294
274
240
292
262
280
286
288
298
276
284
244
266
240
232
232
224
220
196
196
196
172
170
166
162
130
142
122
120
120
130
128
124
148
148
158
160
178
172
192
194
210
234
208
274
232
294
270
306
294
326
336
338
354
366
370
376
394
422
422
444
478
466
456
492
472
500
476
514
512
538
556
594
566
636
606
640
632
634
616
638
608
608
634
598
600
572
574
496
510
460
466
410
398
378
352
350
306
306
256
244
194
194
118
130
92
74
86
58
54
86
32
82
46
52
58
36
74
42
64
44
74
56
82
78
84
92
106
98
108
106
100
108
120
116
148
136
164
168
166
160
168
188
172
184
200
162
210
174
176
210
200
218
220
226
246
248
250
254
270
290
314
310
330
348
364
350
362
366
360
358
390
358
408
372
414
386
378
398
390
354
356
350
328
332
302
312
278
278
230
242
210
176
170
132
126
116
86
114
68
88
82
48
70
46
52
60
54
52
62
52
58
60
78
66
92
100
116
116
128
154
166
170
186
178
226
202
224
242
254
274
266
286
286
280
310
284
308
276
300
280
264
288
266
270
426
446
412
434
398
396
400
366
376
372
346
342
336
326
318
274
298
260
262
260
210
244
218
218
216
196
186
220
178
190
180
170
180
162
154
172
146
152
178
138
176
150
178
162
154
178
164
178
156
186
178
176
188
184
194
198
220
198
226
202
228
226
238
226
260
248
248
268
260
256
260
268
260
274
250
274
270
264
268
262
278
264
288
270
268
284
260
260
268
258
270
246
274
238
276
236
260
244
260
258
248
252
244
246
252
226
232
246
244
252
238
260
238
250
242
262
230
248
232
262
232
242
250
222
250
232
252
246
248
244
270
232
262
250
244
234
268
238
252
248
242
256
252
248
260
266
258
272
264
274
276
290
278
300
290
312
316
310
312
328
310
316
336
292
342
314
318
324
338
322
378
334
374
364
382
354
388
376
390
372
400
398
376
402
394
402
406
418
412
426
428
432
434
428
448
424
456
434
438
426
420
426
412
404
396
390
374
376
368
330
362
338
314
322
304
276
296
254
268
228
250
230
210
230
192
212
206
182
192
186
172
160
196
148
164
150
170
142
140
148
120
136
114
104
118
66
80
68
62
58
60
58
40
18
28
-10
16
2
18
32
34
52
68
64
86
98
126
148
166
192
224
240
260
294
282
338
352
366
414
418
450
506
498
562
556
614
624
664
668
642
690
660
720
732
780
770
800
808
794
798
804
786
790
780
788
776
746
714
692
640
616
592
522
484
416
354
288
254
228
214
188
154
124
80
42
2
-30
-20
-16
-14
4
-32
2
-38
-16
2
4
42
30
78
84
98
132
112
190
166
222
202
228
192
206
192
186
220
198
226
192
212
172
176
134
140
126
108
136
102
114
64
80
66
58
44
40
34
46
18
38
28
20
40
50
72
82
108
76
116
84
104
100
102
128
128
122
128
100
112
66
82
62
78
84
30
68
14
18
10
16
-2
-6
-22
-18
-54
-22
-58
-16
2
-2
10
48
8
24
50
54
72
124
130
150
198
198
220
244
266
306
304
366
360
380
426
480
508
564
620
610
638
626
642
656
708
740
776
810
794
844
802
832
822
844
828
834
836
820
806
784
762
716
692
652
584
540
460
380
336
294
272
264
232
204
158
96
56
0
-12
-28
0
-36
10
-12
-16
440
466
528
520
550
552
564
584
596
646
644
670
686
656
686
660
664
662
644
644
600
596
528
502
452
436
410
408
348
316
276
206
186
142
122
88
64
48
14
-18
-56
-64
-72
-66
-74
-56
-72
-70
-74
-62
-52
-34
2
-18
48
30
50
84
62
106
96
158
122
156
152
136
158
158
152
186
138
196
178
178
164
166
150
140
168
154
162
150
142
152
110
154
104
156
154
154
130
160
130
180
134
210
158
190
194
162
172
174
168
176
178
186
180
166
142
174
122
160
138
164
144
154
152
132
164
146
196
162
240
234
250
274
266
298
298
362
356
428
444
456
488
492
526
570
562
642
608
662
640
658
666
656
664
670
654
646
596
584
536
512
488
448
440
402
378
316
310
244
230
198
176
168
116
126
72
88
24
54
16
64
12
26
24
22
18
6
64
24
82
60
100
84
100
102
118
112
148
140
156
152
138
144
138
120
150
116
138
160
142
154
126
124
128
112
142
136
156
148
162
176
132
180
178
180
238
210
242
246
230
250
276
268
310
316
300
304
286
304
278
266
298
280
272
278
254
254
222
210
264
282
268
278
276
266
288
272
276
264
290
252
252
292
258
274
278
268
284
254
268
262
272
260
264
268
254
250
250
232
260
220
256
222
244
220
226
208
234
192
218
208
198
212
192
200
188
200
200
194
208
214
198
212
216
208
198
238
212
228
218
218
228
214
234
230
218
230
242
228
258
224
250
238
254
232
258
248
266
262
264
264
272
276
266
270
282
282
272
280
288
276
302
288
284
288
306
264
292
282
282
296
270
274
290
288
270
278
276
268
272
256
262
264
256
246
270
246
266
232
268
260
246
262
254
260
280
244
282
260
272
278
276
288
262
310
256
308
274
304
296
290
318
290
294
312
290
290
298
296
288
284
292
290
242
306
246
278
262
242
256
228
248
208
240
208
228
196
198
210
184
168
192
180
162
170
170
162
162
174
146
184
154
186
154
176
172
174
180
168
200
172
200
190
222
186
226
224
222
234
226
250
244
246
264
264
270
276
274
274
298
280
298
276
304
314
276
284
300
282
286
272
310
266
294
256
292
272
258
274
264
258
260
230
198
196
212
206
232
218
202
218
188
236
194
202
188
194
238
166
130
124
120
118
134
144
138
108
142
146
174
170
202
198
178
160
164
176
194
216
210
200
178
172
174
214
222
234
238
228
266
218
244
220
246
216
194
138
172
158
182
204
212
222
200
194
206
186
202
224
204
212
242
206
224
220
206
202
174
190
148
188
176
176
190
192
204
192
212
196
200
202
174
180
198
190
182
200
208
232
200
186
212
186
200
200
226
232
218
252
248
238
240
240
206
224
202
224
210
216
272
240
258
220
264
220
234
224
188
252
194
224
232
206
250
218
218
210
208
174
210
198
232
194
232
212
226
206
214
200
206
218
206
210
232
202
240
220
224
214
238
188
234
192
212
230
208
244
206
244
226
220
204
228
210
216
218
210
216
232
236
220
220
222
232
206
202
204
214
190
228
210
198
218
220
218
218
214
208
204
222
214
234
230
220
230
212
230
208
228
234
226
208
232
230
230
224
246
238
216
218
228
230
218
232
230
222
230
218
218
220
220
214
210
210
224
222
216
218
-12
-22
-36
-46
-60
-40
-72
-32
-50
-16
-34
-20
-12
-26
36
38
88
116
140
164
172
176
218
248
300
316
352
354
388
414
420
448
480
488
510
502
514
500
536
540
540
556
570
544
582
568
598
572
602
630
618
682
640
670
674
658
706
720
720
738
758
758
742
764
738
696
738
702
672
640
634
552
500
482
412
424
380
360
288
232
214
194
114
122
114
96
94
58
26
30
22
22
66
38
44
68
60
88
88
122
152
178
182
218
206
218
262
278
306
318
294
364
318
336
328
340
320
318
318
292
304
292
268
260
228
196
180
126
118
118
98
90
86
38
56
4
20
-6
2
26
20
34
10
24
4
16
46
28
38
36
10
12
28
14
30
28
28
34
2
6
-30
8
-6
24
-12
-4
2
-42
2
-30
-6
-22
-2
2
-12
28
20
54
46
82
100
86
126
140
186
212
210
268
238
300
286
336
374
384
436
432
452
478
508
538
582
600
646
652
674
696
712
718
760
782
830
844
840
826
870
846
884
860
918
888
868
836
806
760
762
752
726
668
606
498
470
384
386
396
318
328
242
180
126
78
98
90
100
68
52
-18
28
-16
16
48
40
74
-18
30
-24
16
-16
26
14
42
28
32
18
-2
24
14
30
24
28
-18
4
-20
-24
-20
-30
-10
-8
-64
-20
-68
-38
-44
-40
-28
-36
-26
6
32
64
70
96
82
138
128
182
234
254
310
334
340
388
412
444
528
536
620
644
702
726
766
770
820
818
856
886
922
924
968
920
954
932
962
992
968
992
984
936
940
908
894
842
824
762
738
668
600
580
456
404
356
266
266
220
164
154
52
42
-32
-48
-58
-68
-74
-80
-126
-140
-158
-158
-116
-90
-112
-54
-64
-74
-32
-10
16
64
84
128
118
136
132
158
174
184
202
190
222
190
214
180
190
186
182
186
170
166
128
138
120
98
86
54
42
32
-18
12
-40
-6
-50
-18
-74
-34
-54
-26
-24
-32
0
-2
10
10
28
10
56
44
36
44
12
52
40
36
62
30
50
30
20
-16
12
0
4
0
-12
-42
-22
-54
-44
-34
-46
-24
-26
-16
-14
2
26
60
58
94
120
132
160
196
254
260
294
358
348
380
420
476
488
556
622
628
674
712
714
764
756
790
826
860
878
896
890
892
880
896
936
920
952
954
934
892
882
888
854
838
810
718
690
650
612
556
504
418
384
276
254
202
194
150
-12
-8
32
30
36
16
36
54
64
84
78
110
114
134
124
136
148
172
176
162
164
172
172
168
172
166
156
140
156
138
154
134
134
110
120
70
106
68
92
76
72
52
58
0
2
-4
-10
4
-24
-52
-48
-74
-76
-114
-100
-148
-118
-140
-156
-158
-168
-192
-146
-196
-180
-200
-192
-172
-182
-142
-156
-124
-126
-104
-88
-88
-48
-20
30
46
86
108
106
152
198
248
274
354
354
404
402
448
482
524
558
606
594
630
644
676
722
766
804
794
808
806
842
828
882
872
898
860
858
782
810
760
782
748
722
694
610
598
546
496
490
432
372
338
288
234
224
178
130
126
72
34
4
-6
-20
-22
-36
-52
-74
-74
-90
-92
-72
-62
-44
-42
-46
-36
-40
-16
10
10
38
26
72
76
72
76
112
124
118
190
144
158
174
168
172
170
192
164
196
174
154
174
138
172
128
154
142
108
110
78
88
64
44
42
54
12
18
-26
-4
-24
-66
-32
-88
-54
-94
-74
-106
-122
-126
-154
-144
-154
-190
-152
-188
-166
-182
-208
-152
-208
-188
-180
-158
-162
-130
-116
-100
-96
-76
-46
-28
-4
46
48
98
124
146
172
220
260
286
34
50
42
46
28
56
72
28
74
52
68
60
78
68
84
74
66
100
58
106
82
86
98
78
108
72
90
106
74
96
102
98
92
110
90
112
100
122
114
106
124
130
112
146
130
142
130
156
150
166
140
176
172
154
190
178
194
184
196
196
212
214
192
228
230
208
228
234
232
220
260
232
250
252
250
266
256
258
282
250
282
262
282
258
306
254
292
264
282
278
258
282
262
256
278
248
258
246
268
228
260
234
256
230
230
254
208
236
204
236
196
212
210
210
194
194
192
182
190
186
174
176
172
162
170
138
168
134
144
152
100
148
116
124
102
100
108
68
98
72
72
82
72
70
80
62
74
74
72
58
86
62
82
64
84
76
72
84
80
82
94
106
72
118
84
108
94
98
118
102
110
110
124
114
126
116
144
100
132
146
112
138
126
122
132
122
130
126
128
150
120
138
140
138
150
136
166
150
154
162
176
166
174
188
162
204
186
206
182
208
202
196
220
206
198
232
222
212
232
228
228
238
240
234
254
252
256
244
268
264
248
262
278
274
284
250
300
268
278
272
278
274
264
298
256
282
254
262
262
266
282
258
278
272
282
286
274
292
270
286
278
288
274
284
280
294
294
292
278
306
292
286
292
290
294
282
284
294
290
286
298
292
290
314
292
284
298
296
288
296
284
298
292
282
300
290
288
274
302
282
292
276
304
262
288
302
264
292
274
278
276
276
268
288
276
276
294
274
296
262
292
272
278
264
284
260
262
272
280
254
290
260
268
282
264
264
264
268
254
278
264
284
262
286
280
288
278
288
308
268
288
270
278
274
260
264
282
248
280
282
272
290
288
270
302
274
278
278
294
266
284
272
292
278
290
290
282
280
298
282
278
278
286
270
284
290
260
320
256
300
282
284
282
292
276
280
294
260
302
272
298
288
274
302
292
296
284
302
296
296
290
296
288
300
288
290
284
288
276
284
288
294
268
298
314
292
298
302
300
308
304
298
298
300
280
326
248
302
306
262
308
298
276
290
316
260
308
298
288
294
310
276
296
278
286
276
276
278
276
278
270
262
292
268
276
280
284
278
266
298
252
268
272
248
280
244
274
292
248
298
282
314
316
316
290
316
318
290
298
274
314
280
294
290
294
302
312
298
300
320
292
308
302
292
302
284
304
288
284
314
294
294
312
304
302
316
300
306
308
296
320
274
292
292
296
274
292
304
266
324
276
326
288
300
296
290
298
294
296
278
294
272
302
282
308
274
320
288
296
316
266
324
282
296
274
300
276
276
300
286
274
318
280
300
320
274
330
274
292
314
260
302
280
270
308
280
304
308
274
328
288
296
292
292
274
286
274
276
290
280
282
306
286
298
292
298
300
270
294
292
278
296
296
266
322
278
316
280
318
280
310
280
296
288
288
284
284
290
276
292
282
294
280
310
280
294
300
290
302
282
284
298
292
284
276
302
286
278
306
290
298
288
292
294
290
268
294
288
268
290
282
278
288
286
288
296
296
280
300
286
284
300
288
302
272
308
272
284
282
284
276
282
254
298
262
292
270
300
286
288
274
294
278
300
278
282
266
286
280
258
290
264
278
292
282
280
290
296
292
276
290
268
268
266
264
288
242
302
258
276
274
296
280
288
284
296
652
684
674
692
682
686
668
642
606
602
554
552
496
460
418
380
336
342
280
288
262
228
176
166
118
134
86
82
44
48
14
-14
12
2
40
30
28
70
64
80
66
70
94
62
90
50
68
66
100
104
114
122
162
134
184
174
170
178
166
180
164
170
162
188
192
210
212
242
226
254
220
224
234
164
200
154
154
112
114
58
82
70
74
78
74
60
90
74
62
122
104
128
116
132
124
152
148
136
134
122
136
82
128
82
104
148
100
144
152
164
206
216
228
198
228
200
216
204
186
200
188
196
202
200
216
236
238
256
262
238
266
276
272
252
274
240
270
258
268
284
284
310
298
314
330
328
348
326
336
340
344
330
326
292
310
286
298
284
288
284
312
294
300
318
318
360
350
414
382
408
394
402
390
380
378
352
350
324
324
316
308
344
338
338
344
344
334
326
342
346
348
378
362
392
386
416
424
412
438
440
454
444
476
448
476
462
468
458
444
416
410
404
380
394
372
402
402
388
418
406
412
428
424
418
410
400
370
360
332
300
294
262
242
236
210
198
194
152
166
144
192
154
262
254
296
276
298
252
250
266
242
294
258
266
264
248
278
224
254
236
240
268
250
258
196
256
266
236
264
274
222
278
276
258
232
242
258
256
250
242
234
236
268
236
236
250
234
284
262
260
262
272
296
274
266
260
262
272
268
272
276
258
282
300
286
310
310
254
272
294
262
256
254
266
320
276
258
276
280
282
264
274
210
280
262
240
256
268
264
276
258
276
226
254
236
258
274
246
272
254
288
262
258
230
264
256
256
228
262
252
268
290
288
256
288
274
282
248
258
260
224
254
246
236
234
252
268
234
234
218
244
254
244
252
260
244
282
256
270
274
274
256
256
224
238
210
232
246
242
226
218
220
210
254
232
242
238
222
234
218
202
248
222
236
244
176
218
196
242
214
264
236
280
260
234
254
260
242
256
252
224
220
240
238
256
258
218
266
226
212
206
236
210
240
232
264
232
252
238
268
230
242
220
256
218
254
268
248
268
254
214
246
212
236
210
240
210
264
218
260
258
226
228
252
234
228
246
280
228
280
298
284
298
280
316
282
280
236
210
216
234
214
238
216
212
222
208
192
182
200
184
184
172
174
170
174
158
184
168
184
172
204
192
178
196
186
206
194
208
204
202
236
194
248
214
246
236
238
256
240
238
268
252
244
288
238
250
270
228
250
252
238
248
242
242
220
240
210
220
214
206
218
198
196
220
174
222
188
194
192
174
180
164
192
164
160
194
128
182
158
156
162
158
192
156
188
188
172
200
186
210
218
196
222
220
228
224
234
264
240
256
266
264
254
286
274
278
284
284
268
280
280
288
278
276
274
266
262
238
264
236
232
242
230
218
226
214
226
208
212
194
202
218
184
196
198
204
196
174
200
194
168
180
212
176
228
180
228
220
210
214
222
232
232
236
232
250
214
244
232
258
228
242
248
248
228
264
242
260
234
250
246
228
212
234
226
222
224
210
230
190
206
202
198
202
184
200
184
194
176
200
180
194
178
188
184
182
188
174
202
174
196
196
196
198
210
212
192
220
216
222
202
230
218
214
232
208
244
206
240
238
222
248
230
254
224
244
250
222
250
232
248
570
572
602
666
724
758
828
852
922
978
996
1040
1048
1118
1116
1192
1126
1094
1016
904
818
740
630
444
216
-54
-252
-380
-386
-380
-350
-368
-292
-188
-106
64
196
318
364
348
310
248
276
288
284
350
326
302
262
224
266
264
274
204
102
-14
-90
-100
-110
-100
-62
-92
-96
-90
-50
4
76
150
150
186
142
154
156
220
332
396
426
402
368
336
360
340
316
276
152
60
-48
-96
-58
-72
-2
-16
-16
-16
4
16
82
116
122
120
44
54
38
94
140
170
218
224
204
212
230
272
256
314
260
248
196
164
212
200
236
250
244
230
200
198
188
208
200
184
186
150
140
170
176
246
242
240
190
148
142
94
120
84
122
60
52
2
66
78
122
152
100
82
36
8
-10
12
22
6
-42
-56
-92
-72
-44
-4
32
18
-4
6
8
32
102
136
154
190
178
180
238
268
322
332
348
298
306
316
354
402
420
462
432
466
468
506
508
564
588
582
590
580
614
644
744
798
832
926
942
976
1004
1058
1126
1142
1158
1138
1054
1036
924
844
750
646
516
320
28
-132
-262
-326
-320
-336
-390
-364
-274
-172
-38
128
240
136
110
126
100
86
88
82
64
82
66
98
92
90
112
106
126
112
134
120
154
120
154
148
144
142
148
144
148
152
140
128
140
122
120
78
78
84
76
72
66
60
72
56
66
70
62
56
74
92
56
74
106
100
136
106
134
124
140
172
136
178
166
172
196
154
158
176
214
162
188
214
142
190
192
178
174
204
200
210
216
182
236
200
242
226
212
218
256
230
236
246
256
248
218
216
268
238
266
258
240
292
254
228
260
280
282
278
300
320
324
372
374
402
386
426
422
434
412
426
426
406
440
410
428
442
428
448
432
432
426
402
404
394
364
374
332
324
292
266
238
218
194
172
136
110
80
44
20
-14
-24
-48
-70
-66
-92
-102
-86
-110
-92
-92
-118
-70
-104
-72
-48
-52
-18
-30
14
4
74
60
106
112
148
158
170
188
188
238
202
260
226
242
234
258
236
240
238
236
206
232
192
186
192
144
184
142
136
134
130
144
94
144
114
116
106
150
116
128
144
140
154
136
140
142
142
156
130
118
132
126
130
120
114
132
112
120
112
90
110
96
100
92
90
50
70
84
84
44
98
76
90
74
74
80
342
354
310
292
308
276
230
248
202
190
162
154
138
130
120
108
108
88
96
86
74
68
58
48
46
56
14
36
46
10
46
24
36
44
38
54
62
58
66
60
68
66
58
64
68
70
58
88
62
86
74
78
92
82
104
96
90
90
100
92
100
92
124
98
94
122
98
118
116
108
138
124
120
134
126
138
142
134
124
120
132
132
116
142
118
140
112
158
90
150
132
128
120
126
124
112
112
128
104
116
100
128
78
108
86
122
100
98
96
110
90
108
122
86
116
112
120
114
124
130
118
134
148
108
150
130
122
146
134
128
134
150
128
126
150
150
142
154
138
140
140
164
156
136
188
146
172
180
168
182
202
170
200
204
196
202
214
202
210
208
248
202
254
222
268
246
268
270
270
288
290
272
296
296
286
314
288
342
318
360
346
366
394
372
408
420
402
426
404
418
414
406
418
398
388
388
400
374
380
386
368
384
346
362
300
334
286
270
262
232
218
196
176
172
144
144
142
132
98
112
94
100
80
84
54
64
64
28
48
42
40
46
54
36
64
50
66
62
100
50
104
80
102
86
92
110
104
116
98
102
120
234
204
220
184
192
210
170
224
214
254
276
328
366
408
422
458
468
466
482
480
446
454
392
414
398
378
408
398
410
476
488
534
548
616
630
686
760
754
812
794
862
852
862
912
904
904
900
870
868
836
790
770
674
616
534
444
402
346
286
260
210
164
182
164
140
214
178
240
236
244
252
258
266
264
198
184
98
52
-44
-66
-128
-176
-232
-282
-298
-316
-300
-284
-264
-262
-222
-220
-168
-166
-126
-134
-112
-136
-126
-90
-110
-62
-44
-14
30
88
110
186
242
302
340
400
418
440
466
472
446
456
448
410
392
358
356
332
326
334
312
354
334
366
382
402
432
416
428
432
424
396
394
360
332
290
286
284
228
252
226
214
216
220
214
206
210
178
184
142
114
102
52
12
12
-54
-52
-84
-138
-108
-152
-136
-112
-124
-104
-80
-78
-60
-40
-26
-24
-24
-18
2
-8
2
-2
12
6
22
54
54
114
110
132
150
170
202
206
234
222
260
230
264
254
266
260
286
276
298
314
342
354
372
380
402
396
430
412
394
388
390
352
330
354
316
334
356
354
388
390
438
450
494
506
558
584
440
470
458
458
488
476
484
476
448
472
440
444
466
436
448
428
402
406
360
390
354
350
344
302
294
270
252
240
194
222
184
164
160
114
124
80
104
74
74
62
54
42
54
28
54
40
46
60
56
74
68
70
76
96
82
102
98
124
110
152
118
170
156
204
180
214
232
228
250
262
286
280
316
320
332
340
360
356
366
394
384
398
386
430
408
436
430
438
436
440
442
434
436
438
420
416
406
392
392
362
372
338
338
316
324
288
280
286
266
262
246
248
228
218
218
218
180
192
164
176
144
140
142
142
122
116
116
102
134
102
132
114
138
130
144
162
166
178
182
202
196
220
218
236
240
258
268
294
266
326
306
324
340
360
346
384
386
376
412
380
410
418
412
414
430
404
424
408
416
440
404
412
418
398
408
402
394
380
400
372
380
378
364
362
366
358
350
324
350
310
338
286
306
304
262
290
258
256
256
230
234
220
208
214
198
216
192
202
172
196
172
170
180
164
174
152
168
144
162
148
156
156
152
138
144
150
146
134
146
140
128
152
124
154
130
140
156
136
158
224
204
200
220
204
204
224
192
226
198
208
212
214
200
212
202
198
224
208
190
218
196
212
190
212
184
208
196
194
192
206
180
190
208
168
212
174
196
198
184
192
182
194
188
184
190
174
198
184
178
178
192
176
174
174
188
186
168
184
188
176
194
186
182
184
192
192
188
194
184
226
172
214
192
212
204
198
222
202
222
212
214
220
214
224
222
206
228
218
224
224
220
224
216
232
204
222
238
194
242
200
240
222
216
230
216
228
222
212
230
216
206
240
202
224
220
208
236
208
210
222
210
224
210
206
226
204
220
212
214
212
210
208
224
208
210
218
212
212
214
214
214
212
210
226
202
224
222
214
210
224
200
236
210
216
236
206
236
206
232
206
240
190
242
204
230
200
226
196
216
210
202
218
200
212
202
222
186
220
198
214
188
224
180
212
192
202
192
198
196
196
180
216
176
208
192
192
190
208
176
204
194
196
180
210
170
224
170
204
198
192
206
206
194
210
192
220
192
208
216
202
202
216
204
218
198
214
212
198
214
198
210
210
216
194
266
248
262
246
268
244
248
254
264
232
262
256
248
272
258
268
242
274
240
244
282
238
254
252
278
234
268
234
284
252
248
262
250
254
256
228
264
230
258
242
252
258
252
246
248
246
266
224
266
250
252
252
260
232
258
240
250
252
248
256
260
246
254
254
256
258
256
256
268
246
250
262
270
266
238
286
262
268
292
244
260
240
254
280
268
262
256
264
242
248
254
254
244
244
252
234
222
226
186
226
238
224
250
194
200
196
214
210
232
206
200
202
178
194
184
184
184
178
192
188
196
164
196
178
202
208
210
206
200
210
180
236
236
242
258
230
258
276
254
292
292
254
336
304
336
312
330
324
328
336
366
344
392
336
376
362
350
380
362
352
356
374
338
346
348
320
328
336
334
328
316
304
284
290
288
282
272
270
258
230
268
216
228
224
204
226
214
200
190
186
172
188
172
190
176
172
176
168
170
190
150
190
176
180
200
176
194
182
212
180
232
206
220
240
230
238
258
244
270
286
292
282
288
304
318
302
330
322
334
340
320
358
306
360
340
1004
1048
1076
1134
1150
1230
1252
1260
1232
1222
1234
1218
1212
1168
1102
1076
998
926
888
788
686
614
532
464
346
266
148
22
-12
-104
-178
-272
-364
-476
-506
-598
-606
-696
-740
-780
-842
-852
-844
-848
-854
-832
-820
-796
-706
-686
-634
-544
-496
-412
-310
-258
-172
-102
-30
100
164
302
350
416
526
582
706
810
866
932
982
1020
1098
1164
1180
1252
1274
1234
1272
1270
1286
1276
1256
1222
1146
1120
1054
1032
932
856
780
694
634
534
436
314
264
132
78
-30
-100
-240
-300
-396
-442
-506
-572
-670
-728
-774
-800
-810
-826
-842
-842
-846
-798
-786
-730
-678
-630
-558
-512
-448
-352
-312
-238
-136
-72
44
120
186
266
346
434
534
650
682
770
788
904
926
1026
1074
1112
1132
1160
1162
1202
1230
1214
1214
1170
1158
1106
1080
1024
970
904
856
754
694
604
516
424
364
282
194
112
-6
-62
-170
-208
-288
-342
-416
-508
-548
-610
-628
-662
-662
-686
-716
-698
-708
-662
-640
-604
-564
-504
-474
-410
-368
-310
-218
-162
-102
0
40
152
188
270
352
460
522
588
628
-570
-606
-610
-606
-594
-586
-554
-518
-514
-448
-430
-354
-292
-238
-166
-88
-52
56
128
196
290
344
432
470
564
626
666
758
770
826
832
870
900
888
904
902
896
872
846
814
744
676
678
600
544
484
390
312
228
188
108
48
-24
-92
-190
-232
-308
-370
-390
-462
-510
-542
-584
-590
-620
-630
-644
-616
-608
-594
-540
-540
-490
-424
-396
-304
-250
-168
-124
-38
42
122
210
256
368
392
494
544
626
662
746
742
822
834
838
886
850
886
874
866
834
784
740
692
682
618
576
500
458
312
308
222
170
122
38
-56
-116
-190
-236
-316
-338
-406
-442
-510
-526
-540
-578
-592
-588
-574
-582
-556
-534
-516
-466
-420
-384
-300
-276
-188
-116
-74
32
74
182
204
320
372
434
522
568
618
660
712
748
768
812
786
826
798
832
806
756
746
686
644
630
582
500
476
380
316
260
214
140
102
12
-38
-116
-176
-226
-284
-324
-374
-414
-454
-480
-518
-512
-550
-524
-546
-512
-506
-482
-468
-394
-364
-334
-256
-196
-172
-52
-34
66
100
190
232
328
366
450
480
568
584
660
686
732
70
82
108
98
100
122
128
114
130
138
118
118
136
122
110
114
104
92
88
86
66
70
50
68
20
28
34
12
-26
8
-30
-28
-52
-46
-40
-84
-50
-90
-72
-78
-76
-86
-84
-62
-92
-60
-60
-50
-52
-24
-34
2
-4
10
38
34
28
90
72
90
114
134
118
144
138
154
148
166
166
152
174
148
170
162
134
146
134
122
116
92
106
70
74
48
54
32
26
10
-4
-14
-36
-54
-32
-68
-72
-70
-82
-94
-74
-118
-84
-78
-96
-102
-66
-86
-78
-54
-62
-56
-18
-32
0
8
18
64
22
90
92
90
128
148
130
162
168
174
178
188
192
182
196
196
184
198
164
182
154
172
124
134
106
114
86
74
38
48
18
10
-2
-28
-28
-56
-60
-64
-92
-76
-102
-100
-94
-122
-118
-92
-124
-96
-112
-88
-96
-88
-52
-74
-40
-46
-22
-12
12
16
42
58
74
80
116
102
144
152
142
194
166
202
194
194
206
210
194
210
198
192
198
164
172
156
152
134
116
108
72
88
42
42
24
6
-2
-42
-44
-50
-82
-70
-90
-104
-100
-118
-104
-136
-98
-138
-114
-108
-116
-98
-86
-98
-70
-74
-34
-66
-4
-30
10
6
36
72
64
84
116
120
126
138
146
262
256
250
268
262
236
240
232
206
194
208
202
192
226
202
216
232
222
234
210
232
206
226
204
192
222
214
224
228
248
252
268
280
258
288
274
266
268
232
254
222
232
254
232
264
262
272
282
308
288
294
274
294
268
294
284
282
294
282
272
288
268
276
254
224
228
180
218
202
224
226
234
222
216
228
208
256
222
220
216
214
200
200
214
220
218
224
224
214
230
224
258
254
236
282
216
274
218
262
226
276
230
290
242
256
256
272
264
286
268
294
266
296
276
282
308
278
300
282
268
284
256
246
234
226
214
208
210
220
238
236
230
234
226
198
210
188
218
200
202
210
162
222
202
220
250
218
252
218
226
206
216
202
228
196
220
236
248
256
252
280
268
272
278
268
276
280
276
264
280
286
272
302
330
292
342
292
302
282
270
262
260
260
236
250
228
250
242
278
252
286
294
264
242
248
222
228
200
222
210
220
192
214
204
230
226
228
236
214
236
216
224
226
254
226
246
232
262
214
238
240
228
198
230
196
238
228
244
256
266
270
312
282
314
302
730
604
486
320
184
44
-22
-42
-42
-52
-22
26
104
160
184
146
88
34
-26
-118
-138
-182
-116
2
122
278
408
562
634
732
740
726
690
682
650
594
558
528
522
516
556
534
510
484
412
330
254
172
152
176
204
220
294
370
460
576
638
690
662
658
540
434
288
172
-4
-24
-94
-96
-96
-94
-4
66
128
170
198
170
166
86
0
-46
-106
-112
-50
-30
4
74
120
198
210
232
230
224
234
196
172
168
184
204
294
344
414
500
544
604
600
622
580
572
586
548
556
564
560
600
630
702
704
754
752
774
708
702
620
618
574
592
582
578
598
634
640
670
686
648
638
594
474
422
322
260
214
174
138
146
136
192
218
214
242
226
190
130
72
-34
-118
-136
-168
-172
-136
-114
-58
-2
50
84
120
114
126
96
46
10
-10
-30
16
70
130
188
226
310
358
402
400
392
364
366
332
290
310
288
372
404
480
548
582
638
668
718
682
674
644
632
628
620
638
676
754
822
894
916
890
878
822
752
680
626
548
524
526
562
646
730
844
824
800
632
432
244
28
-76
-234
-254
-248
-198
-68
62
266
462
662
-218
-256
-262
-260
-268
-314
-266
-310
-244
-240
-192
-168
-110
-84
-38
-6
38
66
122
138
190
262
258
372
366
454
514
558
606
614
648
660
638
680
644
690
662
706
712
768
776
830
882
906
958
962
998
964
974
914
882
782
728
614
544
458
396
318
318
272
268
262
244
250
230
246
200
190
162
114
108
48
0
-16
-68
-112
-112
-164
-192
-206
-218
-226
-230
-224
-224
-202
-188
-168
-186
-134
-148
-100
-78
-70
-24
-8
42
66
120
176
212
278
342
380
452
476
526
538
616
600
660
644
674
666
674
674
678
672
686
708
698
740
738
756
780
808
828
842
864
848
804
744
672
588
492
384
326
232
202
164
124
158
144
136
182
180
176
184
146
118
88
34
-12
-24
-100
-68
-130
-152
-148
-170
-172
-176
-172
-184
-164
-148
-160
-124
-138
-100
-96
-44
-40
-4
32
42
86
128
162
198
240
272
364
388
444
492
524
580
582
652
632
672
672
668
662
652
644
646
632
670
676
706
694
764
758
794
798
832
808
806
786
730
630
572
442
374
302
204
194
156
146
162
184
186
224
208
228
214
200
468
442
466
458
492
464
510
486
494
490
488
464
422
406
364
302
252
212
140
102
46
22
6
-42
-26
-52
-28
-60
-42
-38
-62
-38
-44
-68
-56
-68
-86
-102
-92
-126
-122
-140
-138
-164
-122
-134
-134
-104
-114
-68
-74
-50
-38
-26
-6
22
18
68
96
150
154
208
256
282
336
340
368
422
424
450
464
460
486
480
472
460
472
438
444
454
440
460
460
466
462
468
482
460
494
472
480
474
470
410
414
360
318
250
212
152
78
60
-4
-4
-56
-42
-66
-78
-44
-94
-54
-92
-52
-88
-74
-86
-78
-104
-116
-108
-126
-146
-156
-144
-166
-162
-136
-160
-108
-122
-86
-92
-38
-50
-2
-4
36
60
68
118
158
160
218
262
280
326
376
404
422
450
488
496
504
502
506
518
478
490
468
460
466
452
472
476
468
506
472
508
496
518
490
510
484
478
444
408
376
316
274
200
186
90
60
22
-24
-44
-74
-78
-102
-76
-114
-70
-98
-68
-78
-86
-50
-96
-82
-108
-108
-136
-140
-176
-146
-192
-180
-160
-164
-154
-114
-122
-74
-82
-34
-26
6
10
58
62
108
134
154
194
234
262
320
344
376
418
456
466
360
336
332
332
316
308
288
308
256
290
246
240
232
218
188
206
172
138
170
130
114
94
100
56
56
44
12
0
-12
-38
-20
-58
-68
-76
-78
-98
-94
-90
-114
-108
-96
-112
-94
-108
-92
-84
-80
-90
-46
-80
-28
-46
4
-24
32
20
36
54
46
92
84
128
104
160
162
174
206
216
226
224
256
246
288
280
284
310
330
302
336
330
332
326
332
346
302
334
310
318
300
316
306
264
310
264
270
264
234
230
212
208
174
186
162
144
136
92
106
72
48
56
20
14
-16
-22
-38
-48
-58
-62
-80
-74
-84
-88
-82
-100
-66
-108
-82
-94
-78
-96
-94
-50
-78
-62
-36
-42
-14
-10
2
22
34
36
54
64
88
92
112
112
144
150
170
196
190
234
214
254
246
264
294
274
294
306
304
318
302
318
300
314
302
292
316
300
278
314
274
292
272
268
256
268
236
232
226
222
168
196
164
136
132
118
76
88
44
48
20
22
-16
-12
-24
-36
-72
-34
-84
-74
-68
-92
-80
-100
-104
-90
-100
-114
-92
-88
-74
-94
-52
-70
-58
-46
-38
-44
-14
-16
14
4
54
42
72
80
96
122
122
148
158
180
176
204
224
220
250
252
132
124
132
164
154
172
184
204
200
216
240
232
250
278
254
298
284
294
292
318
320
302
320
308
320
324
294
316
310
280
314
282
296
280
280
256
266
234
248
220
212
192
204
170
174
156
152
124
144
98
108
82
76
64
56
42
42
40
28
10
38
6
38
2
36
8
34
22
52
36
56
64
76
70
102
112
88
142
108
160
138
174
172
186
196
210
212
228
226
252
250
260
260
292
276
286
302
292
304
292
292
314
298
286
326
294
292
294
282
276
286
252
262
260
248
208
244
198
196
198
176
166
154
150
136
136
102
106
92
78
72
64
66
48
28
68
20
30
28
38
20
36
24
40
22
58
38
58
56
78
76
80
96
100
122
120
136
158
156
166
174
196
190
206
216
230
216
238
260
260
260
280
280
288
282
296
298
282
318
292
292
290
304
304
270
304
284
270
268
272
238
242
254
202
234
194
220
176
190
178
158
160
150
128
130
132
108
86
98
94
76
86
60
80
46
64
50
64
46
54
52
58
58
68
62
80
80
100
98
110
126
102
146
142
156
156
174
182
192
198
216
204
234
242
236
238
260
262
266
270
282
288
290
294
288
304
260
316
282
292
284
290
296
294
286
284
292
290
282
286
292
274
296
282
274
302
264
294
282
272
290
284
274
304
278
288
298
270
312
266
304
278
290
286
306
298
278
316
288
312
290
308
290
314
310
282
318
300
304
318
302
292
328
290
312
312
324
288
322
326
296
320
304
312
310
302
302
290
314
282
286
320
262
308
282
292
284
296
268
286
288
284
274
272
306
264
280
282
286
264
290
276
268
278
278
284
260
282
284
280
272
276
290
280
274
276
292
268
296
286
278
298
276
296
304
282
300
286
308
290
302
296
294
296
304
290
298
312
280
310
284
304
300
286
306
290
302
296
280
316
274
304
282
286
302
294
282
276
304
278
288
274
288
290
260
302
274
282
278
282
282
282
272
290
266
292
268
284
288
266
288
274
286
280
278
272
284
272
282
268
284
276
266
286
280
282
288
276
290
296
272
308
284
290
298
292
294
290
292
302
294
294
300
314
288
308
312
302
314
302
300
310
314
300
294
322
298
314
312
298
320
298
310
314
300
316
342
316
332
334
318
336
320
348
312
344
332
326
324
330
336
322
326
322
340
324
316
346
310
342
312
342
316
338
322
332
318
342
326
334
318
340
322
332
320
346
312
334
332
328
316
340
320
334
316
336
316
340
312
338
310
330
326
324
312
336
304
342
302
336
318
324
314
338
310
338
312
318
336
310
330
320
328
314
324
328
322
330
326
322
346
318
338
338
308
354
318
322
352
318
332
338
334
326
332
342
322
346
324
344
326
330
348
324
346
332
334
340
334
324
348
328
332
316
350
326
336
328
326
334
328
324
330
324
340
322
338
332
338
318
342
332
336
322
334
334
332
324
342
310
352
320
336
332
316
360
322
320
360
314
336
326
344
332
328
328
354
318
334
342
334
336
326
342
346
348
326
350
340
330
358
330
352
346
338
340
348
344
334
342
336
344
340
332
346
342
340
348
332
342
342
340
328
354
312
358
318
334
334
324
340
324
334
328
330
326
324
328
318
330
316
324
318
336
318
330
316
338
324
320
322
342
302
350
302
342
310
334
314
314
284
276
266
302
258
290
276
260
296
256
278
288
252
288
260
278
276
274
268
276
278
256
288
260
278
260
290
258
280
270
270
276
268
278
258
286
268
278
262
282
262
300
254
292
254
296
258
282
270
288
262
274
284
266
280
274
276
266
282
278
268
284
270
278
264
290
268
280
268
286
280
280
282
276
278
282
280
278
278
280
276
290
260
294
284
280
294
274
270
296
278
282
280
280
284
278
272
286
268
282
278
280
282
278
270
296
264
282
296
256
296
280
274
292
274
286
270
306
266
290
280
294
272
290
278
292
276
292
266
296
286
278
300
270
308
252
314
260
296
272
286
292
282
292
270
296
266
302
268
288
282
288
268
282
296
258
318
248
312
268
294
284
286
284
278
298
262
304
268
282
274
298
254
282
292
270
286
282
286
276
276
302
272
282
280
286
262
300
266
284
278
292
274
284
284
272
308
272
274
290
282
288
280
276
298
278
292
288
286
284
292
278
278
302
270
284
288
276
288
272
288
284
276
288
282
282
276
302
278
280
280
286
282
266
282
354
344
344
336
366
332
360
336
356
338
350
330
356
358
336
350
358
342
370
330
360
344
344
332
362
340
328
360
328
352
320
356
334
334
348
322
354
352
328
354
346
328
356
338
350
322
362
332
346
346
340
344
344
352
328
352
346
332
340
322
356
344
326
356
340
334
352
338
340
344
338
368
336
346
368
354
334
352
346
358
326
370
336
358
350
370
354
356
358
364
342
382
332
366
360
364
358
346
368
362
358
344
366
352
358
342
376
356
362
362
358
356
346
368
334
348
366
348
352
342
364
342
358
360
346
352
360
354
360
348
364
352
358
354
366
348
350
354
348
354
354
358
364
350
352
366
346
352
356
326
362
340
334
374
334
344
352
354
332
356
330
358
354
346
346
362
332
372
342
356
346
366
324
378
332
342
344
348
342
356
340
350
346
358
360
344
368
340
360
358
340
346
346
346
338
344
354
334
360
356
356
334
356
350
342
356
352
348
350
350
354
338
362
340
352
358
348
350
350
342
378
320
384
346
348
358
358
352
336
382
326
354
380
326
364
282
292
296
262
286
278
278
286
270
274
280
278
288
282
264
296
284
280
292
294
272
308
262
302
274
286
292
280
302
276
288
294
276
292
288
278
276
298
268
302
276
296
274
306
268
282
292
268
292
280
286
284
300
276
282
280
286
268
288
254
290
270
270
294
266
278
282
286
268
290
270
280
286
258
304
280
272
292
270
268
294
254
290
278
264
288
262
286
282
268
270
280
276
268
278
274
280
272
278
270
282
270
280
282
276
292
284
280
286
290
270
292
274
278
278
278
268
290
266
280
278
264
276
278
254
260
272
260
276
268
266
266
278
266
260
256
276
252
262
288
244
288
262
274
260
276
284
254
280
268
282
266
278
270
262
270
268
264
284
238
292
242
280
268
258
278
250
278
258
268
260
268
264
268
260
268
272
264
274
260
286
258
276
262
262
268
258
274
254
270
260
262
278
256
258
274
254
272
258
262
284
256
258
284
258
258
270
274
250
284
260
290
248
292
248
276
254
286
250
272
276
256
268
276
260
284
260
276
264
276
282
254
280
284
260
248
252
278
246
260
274
258
262
266
252
274
254
266
262
252
278
266
256
266
254
256
258
256
260
254
238
288
242
240
290
236
258
266
252
250
258
254
254
256
234
290
234
272
260
254
264
252
260
254
256
266
266
250
268
266
258
256
260
258
256
262
246
266
242
262
270
256
278
242
290
256
274
280
256
286
260
268
278
272
264
264
280
256
266
260
282
252
264
272
254
268
264
276
266
250
292
248
278
274
252
270
268
268
256
270
266
274
252
284
262
270
268
276
272
272
276
256
278
264
262
274
250
264
276
258
262
268
270
258
270
268
258
280
264
256
266
262
264
270
260
270
272
268
280
270
264
294
260
272
280
268
272
270
276
272
264
298
238
300
262
264
272
272
264
280
266
276
278
252
288
270
276
260
284
266
274
280
262
292
262
274
272
258
284
264
278
268
264
280
266
282
264
276
262
272
266
268
268
272
270
266
270
292
256
276
278
278
270
270
282
278
282
280
280
274
286
268
274
284
280
280
278
288
244
294
266
254
296
244
274
288
256
274
274
252
256
248
266
272
228
286
250
268
254
280
260
248
284
260
248
290
232
298
246
274
262
270
260
256
280
252
256
260
270
268
256
266
266
260
258
278
248
270
260
268
256
282
258
270
262
274
246
278
244
278
254
258
272
258
258
264
248
276
248
280
244
272
254
274
268
260
254
278
258
280
260
258
284
258
270
264
260
266
278
252
286
242
276
278
264
270
260
278
252
280
262
268
276
270
264
264
268
278
252
282
258
266
272
258
264
284
264
266
270
266
276
262
276
270
256
280
280
250
284
260
282
260
290
260
276
278
262
274
266
282
254
284
268
264
272
276
260
280
260
278
270
268
266
266
280
256
282
264
274
274
256
290
260
272
268
286
254
280
260
268
274
258
244
296
242
280
258
252
272
262
258
264
258
262
260
260
256
274
242
258
272
256
264
256
250
276
238
278
240
264
266
248
252
268
250
264
240
278
244
274
250
262
258
264
254
252
272
242
274
242
266
258
250
270
254
262
254
256
258
260
258
252
270
262
246
274
250
256
262
268
230
290
232
276
272
290
288
268
292
284
276
276
290
276
280
284
276
266
280
304
256
292
296
264
294
278
294
286
266
308
266
292
274
308
260
298
290
278
296
282
294
290
286
300
276
294
284
290
284
296
286
316
286
282
278
306
260
280
298
266
300
284
300
276
284
310
280
266
290
288
276
294
312
286
284
306
268
284
270
304
268
300
288
284
264
296
272
282
296
286
270
306
264
284
308
280
290
300
262
304
272
294
288
304
288
294
308
264
294
282
292
284
300
294
288
292
302
288
292
298
280
302
306
264
320
290
282
316
288
296
284
308
268
310
294
290
308
286
288
306
294
288
292
304
290
304
278
324
272
310
302
274
302
298
288
304
286
314
286
298
302
274
310
288
298
298
288
316
278
302
284
302
288
300
292
302
290
306
290
300
308
298
284
302
302
284
296
308
288
300
306
280
308
286
318
266
320
288
296
302
284
302
304
274
302
306
278
300
300
280
314
284
300
298
300
288
306
294
300
292
300
286
306
290
304
294
290
308
292
282
300
302
282
300
280
308
284
292
296
320
358
346
374
346
352
344
346
342
332
334
320
332
320
324
306
302
298
276
262
282
268
290
288
302
308
306
284
302
278
300
310
304
342
342
330
322
314
326
304
338
310
312
334
298
312
296
294
304
336
298
308
290
308
282
300
308
302
312
334
298
312
288
286
308
302
304
304
318
300
302
286
298
302
300
304
306
296
288
308
266
322
292
326
300
318
338
286
324
298
302
320
312
314
310
300
316
290
294
278
284
288
266
302
264
282
276
270
296
272
292
294
290
324
304
304
308
302
310
308
336
292
350
324
328
334
322
312
302
288
312
300
336
322
342
338
332
352
322
326
318
330
308
316
308
326
326
326
320
332
314
304
278
320
272
310
326
304
344
336
328
314
312
306
318
342
320
368
330
348
334
324
338
310
370
346
364
384
350
348
336
342
346
340
326
354
314
346
314
326
304
314
302
308
312
276
310
306
314
324
316
338
308
338
320
318
308
308
326
330
350
348
356
350
382
352
372
354
384
386
388
412
402
406
402
444
434
458
450
452
454
460
464
438
458
204
198
226
218
222
232
236
256
230
226
226
188
226
208
218
240
208
202
198
204
242
238
222
236
226
230
206
226
222
236
248
248
234
232
238
246
248
262
234
258
240
274
260
298
288
326
292
338
312
356
350
376
380
358
350
298
324
290
308
300
302
308
326
348
400
462
504
576
618
654
652
642
644
622
630
646
614
616
542
558
578
620
666
656
656
662
632
654
682
634
604
532
478
416
414
392
344
308
194
158
114
110
146
156
184
178
176
226
232
314
368
394
384
330
258
230
156
136
124
54
62
42
10
28
68
92
138
154
164
174
158
138
132
100
126
96
118
130
164
176
200
214
254
254
282
278
252
268
248
238
254
218
228
226
212
198
198
188
208
168
194
168
174
188
190
226
244
292
288
314
332
312
324
324
316
300
292
262
252
240
248
260
238
282
276
284
268
264
230
218
236
232
232
204
210
200
202
198
214
244
254
256
232
214
194
196
194
180
170
170
124
146
134
176
150
200
186
210
206
222
190
236
176
174
176
136
186
164
198
208
210
228
212
220
226
214
926
940
990
990
982
904
780
628
520
372
248
84
-44
-158
-138
-136
-86
-20
50
130
240
302
408
462
530
558
548
514
458
464
450
484
424
418
302
244
140
42
-12
-58
-78
-144
-138
-162
-128
-80
-8
18
94
124
188
246
242
306
330
330
398
422
536
538
612
612
598
592
552
500
412
342
286
198
138
64
6
18
16
94
92
146
136
130
168
140
186
156
180
154
156
96
110
66
104
66
92
60
68
8
6
-26
-20
-20
-14
-24
-6
16
-4
46
6
44
2
18
-22
-52
-68
-108
-84
-84
-74
-40
0
86
172
258
356
488
550
616
616
614
610
658
660
688
684
704
742
784
812
822
786
768
644
538
404
302
200
12
-92
-208
-198
-156
-110
-62
0
48
118
176
216
252
318
346
342
360
342
390
452
490
558
526
532
436
390
302
218
174
104
38
4
-48
0
-50
-4
-12
-2
-4
30
50
66
72
130
152
236
276
366
418
482
556
536
542
510
462
412
364
346
258
260
168
168
174
184
226
236
212
224
186
192
170
152
120
122
144
136
148
198
198
236
196
194
188
116
120
110
62
74
14
18
18
46
54
80
88
70
44
46
36
2
8
28
244
238
228
232
230
228
212
208
234
196
236
210
208
228
232
208
248
218
242
250
224
242
236
222
222
216
208
202
188
210
182
202
170
208
184
208
192
208
218
212
230
254
216
252
280
244
286
270
288
266
278
254
260
260
250
240
244
240
236
238
250
232
252
264
258
272
252
262
262
258
248
262
242
246
246
248
234
240
232
232
226
230
220
248
224
236
240
240
254
230
262
234
260
246
232
238
254
218
218
226
220
210
206
206
214
202
204
202
210
200
220
204
226
214
226
240
230
254
244
266
274
264
276
288
298
262
282
294
268
264
282
272
252
258
266
264
238
258
238
268
238
256
250
246
250
270
236
238
256
238
252
226
240
250
224
242
238
238
244
244
234
266
242
246
254
252
256
244
264
234
268
256
242
270
252
264
246
264
260
262
246
272
252
254
258
246
272
244
274
268
262
302
268
296
270
300
284
288
288
296
282
296
282
306
298
292
292
294
284
298
278
278
284
286
266
284
278
250
284
254
252
270
240
242
268
256
258
242
290
246
288
250
262
272
256
156
362
294
194
250
300
204
218
306
230
250
242
294
280
224
248
346
232
268
362
248
258
336
262
276
238
320
268
252
282
282
238
300
276
314
276
238
278
262
256
198
336
230
270
254
360
216
218
358
232
220
316
272
222
280
278
266
196
240
320
216
176
302
260
196
294
252
232
242
256
292
234
196
292
282
204
304
308
244
260
294
300
218
252
304
286
224
280
336
144
334
260
212
264
248
298
256
208
326
310
184
330
244
260
256
258
262
284
214
278
290
234
244
292
248
198
322
216
248
234
230
322
196
258
338
188
238
264
222
248
188
338
228
238
290
222
238
302
190
268
246
194
326
196
244
258
268
202
268
248
196
264
250
262
188
318
238
252
264
252
260
290
212
320
242
188
348
236
208
278
284
140
300
256
220
270
244
172
332
200
228
318
234
242
314
216
218
316
234
234
306
226
224
306
226
214
302
182
226
316
184
226
306
234
216
310
170
234
306
176
252
282
186
298
242
256
248
260
226
212
290
194
266
222
282
212
262
232
252
270
232
266
272
206
246
244
234
228
252
236
242
238
230
250
240
228
242
226
256
226
236
246
224
240
226
242
234
222
250
224
226
254
220
234
238
222
240
222
226
234
242
214
256
216
232
228
228
230
234
226
232
232
234
230
228
238
232
238
232
240
232
250
214
252
236
242
212
262
226
236
238
236
238
252
234
258
226
236
246
234
228
248
232
244
234
234
240
244
230
232
252
230
234
248
240
236
248
252
240
236
250
234
248
236
240
250
234
238
246
234
240
228
252
226
234
250
222
238
256
228
252
242
248
240
252
240
244
238
244
254
240
240
248
238
262
236
248
238
244
252
222
270
230
246
248
244
254
236
240
242
252
246
254
236
254
252
246
240
252
250
250
236
252
238
240
268
214
260
250
232
262
236
258
236
262
230
254
246
228
264
230
250
244
234
248
240
246
246
242
258
232
246
238
248
228
238
262
210
260
236
238
238
238
242
234
242
228
256
226
226
254
220
254
234
234
236
238
238
242
232
244
240
244
234
244
248
240
246
238
250
236
236
246
228
248
240
248
236
242
256
-58
-58
-38
-100
-106
-74
-124
-76
-94
-68
-52
-54
-60
-48
-52
-22
26
58
60
72
90
100
78
130
110
150
162
174
164
178
144
176
174
164
164
162
168
158
174
166
156
138
158
134
140
134
134
132
154
146
164
174
152
214
184
224
216
226
272
274
286
316
322
354
350
392
400
418
474
486
498
542
582
590
644
670
662
668
682
738
742
802
832
802
848
824
822
842
832
884
868
810
838
760
752
706
640
600
570
518
526
450
394
338
290
220
168
118
104
66
32
-32
-74
-116
-122
-170
-160
-186
-198
-208
-218
-236
-218
-200
-170
-124
-134
-128
-106
-66
-48
2
34
86
120
142
184
180
222
256
272
324
336
370
380
396
364
400
384
382
358
366
342
320
298
278
256
178
190
144
118
114
94
74
68
28
6
-24
-40
-32
-40
-52
-40
-74
-56
-86
-66
-20
-28
-12
-2
-18
20
6
44
62
100
106
120
108
94
130
152
162
190
160
180
178
164
178
168
182
176
172
174
166
148
182
182
128
166
112
126
160
120
174
130
150
158
140
158
186
202
216
232
246
234
254
260
302
306
328
326
326
378
360
780
780
776
754
822
802
864
852
820
814
810
756
774
764
772
750
716
698
620
572
562
490
470
466
382
398
320
256
222
144
146
132
80
84
36
-24
-24
-74
-120
-78
-92
-90
-84
-142
-126
-138
-142
-114
-110
-80
-86
-56
-68
-30
-60
-28
0
22
28
46
60
86
54
76
112
88
114
144
122
148
108
110
118
88
100
110
62
92
62
42
42
18
10
18
26
0
42
6
8
44
0
40
24
32
44
74
66
64
92
88
100
106
100
132
120
152
156
136
164
126
152
154
130
146
148
114
122
88
84
72
80
70
78
32
46
26
12
16
8
22
26
16
14
18
-6
26
34
52
84
80
108
102
144
144
166
208
244
240
278
278
326
344
388
400
424
452
462
488
526
568
584
630
632
648
654
652
696
714
752
760
758
766
760
756
786
804
822
836
806
826
800
776
772
754
764
768
722
736
644
628
574
508
492
450
452
418
388
332
244
190
180
140
140
96
94
70
-10
-44
-78
-100
-78
-80
-60
-102
-120
-134
-124
-132
-114
-106
-58
-70
-32
-50
-52
-36
0
2
54
22
86
76
90
106
70
130
108
150
160
160
150
142
148
110
108
108
126
110
88
122
118
122
104
110
98
112
90
92
124
102
104
88
82
60
54
110
82
104
108
92
88
94
116
100
156
146
202
178
200
210
226
226
270
278
288
344
374
392
408
436
434
486
502
554
592
580
604
618
632
672
662
742
728
748
770
736
798
786
846
846
872
836
858
804
816
824
806
834
798
780
700
706
610
580
560
532
494
484
420
368
292
244
244
178
166
114
102
72
22
-6
-60
-40
-58
-42
-66
-98
-84
-90
-84
-84
-96
-80
-64
-18
-24
-46
-16
0
16
46
36
80
76
112
104
104
100
134
148
158
150
150
128
144
116
132
118
92
106
90
48
66
30
34
30
8
-20
-26
-4
-42
-6
-32
-42
-40
-42
-58
-20
-44
-4
-54
8
-18
2
2
24
44
52
46
64
50
102
84
106
106
90
132
110
108
100
116
104
124
108
100
108
96
108
84
94
82
90
88
100
90
84
128
104
120
112
140
112
156
182
176
194
204
206
248
242
266
272
294
326
356
360
394
396
448
442
496
508
544
562
582
582
586
618
656
668
710
710
718
700
754
738
780
820
820
824
822
788
782
790
774
788
792
778
714
702
614
620
554
532
514
490
-50
-42
-26
-56
12
0
6
52
36
56
78
80
84
74
116
104
132
108
114
110
124
104
110
82
88
106
68
68
60
38
54
58
6
38
16
32
52
20
50
20
58
58
44
104
64
106
114
94
102
122
126
140
154
152
156
136
122
138
134
142
158
124
152
92
106
66
66
106
48
98
68
12
44
40
20
16
30
48
18
26
48
10
54
68
86
62
104
118
136
134
176
170
212
198
268
260
278
318
312
358
356
372
402
432
448
480
490
504
526
570
562
586
598
610
628
652
658
676
710
708
708
698
764
716
782
768
792
764
784
756
742
740
714
746
714
662
628
590
528
536
468
428
434
402
334
306
226
178
162
140
106
78
60
-4
6
-50
-84
-78
-110
-78
-104
-110
-148
-126
-100
-118
-94
-112
-74
-86
-46
-54
-18
-40
18
22
18
24
52
60
52
90
72
100
84
110
76
102
92
96
106
80
104
70
62
42
74
42
56
56
28
50
34
6
44
28
54
58
70
62
64
50
104
80
110
98
122
116
124
142
130
136
176
118
156
116
150
118
172
118
140
104
88
96
74
62
76
64
56
42
24
34
-6
30
30
12
30
20
22
28
38
38
68
82
76
118
110
126
150
742
728
716
726
706
728
678
692
636
596
554
514
470
472
426
440
378
300
264
224
184
170
164
126
104
80
20
10
-40
-10
-22
-26
-42
-78
-74
-74
-76
-84
-78
-58
-64
-54
-48
-92
-40
-44
-50
-22
-52
-34
-4
-20
-2
-10
14
-2
28
22
20
32
50
42
30
64
30
30
62
22
56
56
52
54
42
42
44
56
36
92
68
54
66
56
50
90
66
92
84
78
64
54
46
54
52
72
54
42
24
26
40
14
38
28
34
8
30
-30
6
-10
12
2
22
-4
16
12
14
32
26
68
38
88
82
82
90
136
120
142
188
176
190
224
212
258
262
272
286
294
318
316
342
344
380
368
394
416
404
446
458
508
514
534
552
534
568
566
596
644
648
640
698
634
708
666
730
748
768
756
796
740
768
732
754
746
746
744
682
660
620
568
562
502
500
474
456
398
314
298
242
222
202
182
146
130
88
72
-2
12
-24
20
-16
-18
-52
-80
-58
-78
-72
-52
-80
-36
-60
-50
-70
-52
-70
-42
-44
-44
-42
-36
-26
-18
-16
-10
-16
10
6
10
22
40
18
50
36
36
48
26
58
56
42
78
48
58
50
60
62
82
84
78
90
70
80
80
88
80
108
96
90
70
72
64
66
226
210
214
210
228
190
230
218
212
222
228
222
232
204
238
236
228
250
230
260
236
244
238
262
234
264
244
280
260
266
280
244
286
258
280
284
276
288
294
292
278
304
300
298
310
308
324
310
318
314
320
318
308
326
314
298
312
306
300
304
296
284
294
278
270
256
250
250
234
230
208
208
216
158
184
162
138
148
108
136
82
112
64
76
66
50
60
34
38
26
26
12
26
0
4
-2
-12
-2
-26
-14
-34
-14
-26
-24
-34
-26
-38
-26
-12
-50
-10
-38
-6
-36
-2
-32
-2
-22
-12
0
-18
12
2
16
-8
60
14
48
38
56
56
76
62
84
96
108
102
130
126
128
158
132
156
158
168
160
182
176
178
208
186
202
192
204
196
208
190
210
204
214
188
222
212
206
218
210
208
208
210
188
208
204
196
198
212
194
212
196
216
196
204
204
214
208
202
232
196
224
198
220
224
204
228
218
236
206
240
230
222
252
244
228
256
248
246
270
242
286
250
298
252
308
266
310
282
306
292
314
304
302
300
308
304
294
312
290
310
280
294
280
274
258
276
248
252
254
240
230
220
202
222
176
202
262
252
274
258
260
248
286
240
252
282
240
266
266
252
258
266
260
256
260
284
226
292
256
266
266
264
268
272
256
266
272
244
290
244
266
254
276
248
260
246
266
244
262
260
244
258
252
238
270
232
248
260
246
248
250
240
252
236
252
226
262
222
276
230
242
246
240
260
228
236
242
232
236
232
220
248
216
248
236
208
252
226
226
230
230
234
218
242
226
240
224
242
238
228
256
236
234
252
238
238
262
232
256
246
254
248
240
260
240
264
242
258
246
250
270
242
254
270
246
268
248
254
262
252
266
256
264
264
262
252
280
246
280
260
272
260
266
262
284
258
272
280
256
284
268
270
282
266
268
286
254
292
248
296
256
282
276
260
272
282
244
282
258
260
266
266
258
268
248
282
246
268
266
258
266
260
254
282
246
272
264
252
270
266
250
260
258
262
250
252
260
254
248
256
240
262
236
254
246
250
254
238
258
250
256
248
268
224
266
252
246
258
234
254
252
240
246
260
228
264
242
246
252
252
240
258
238
252
252
252
246
244
256
248
240
268
264
258
264
268
260
268
268
248
292
260
266
268
276
264
272
276
258
268
286
264
262
276
266
272
276
258
276
280
260
274
272
262
266
264
272
276
248
292
260
278
264
272
266
276
268
276
268
282
278
262
290
266
280
264
278
276
268
270
276
264
274
280
262
288
270
274
266
296
260
272
276
284
278
264
292
266
274
284
282
278
284
290
270
286
282
286
282
282
268
298
278
266
284
286
282
272
296
268
288
280
278
286
276
296
260
302
264
288
276
290
276
284
280
290
276
300
270
290
286
276
288
278
284
268
282
280
288
264
288
280
282
268
278
288
266
296
268
288
278
286
274
288
286
274
272
296
282
258
318
260
302
270
292
286
272
292
292
276
280
280
298
278
278
282
270
280
278
282
272
286
274
276
284
278
270
286
272
278
274
288
270
276
278
276
272
280
270
280
274
264
294
248
286
274
260
298
254
280
272
274
280
272
266
280
274
276
270
270
280
268
270
274
266
290
256
280
270
284
266
280
272
278
278
270
278
278
276
274
280
276
282
264
280
284
212
206
208
216
202
206
216
190
212
208
200
198
198
214
186
214
182
226
192
200
190
218
192
212
192
220
194
196
216
180
210
198
194
212
190
208
196
214
184
202
200
190
204
184
212
196
192
208
186
202
198
202
192
198
200
198
196
202
194
192
208
190
202
196
214
186
202
206
184
222
178
208
182
214
192
194
188
208
182
188
186
206
182
192
192
196
204
186
194
182
214
176
204
200
186
206
200
192
192
210
168
212
186
190
200
176
206
164
208
172
202
172
202
186
182
198
198
186
186
200
194
194
194
200
188
198
208
176
212
178
202
212
178
204
188
196
208
194
192
206
202
182
218
190
202
192
180
210
200
184
192
206
200
188
192
198
202
186
216
198
200
180
232
170
212
192
206
200
200
206
194
212
190
202
204
190
206
188
190
204
178
212
182
188
210
188
198
186
204
188
204
200
174
224
184
206
186
210
194
188
200
196
194
192
190
214
192
210
182
202
204
184
208
198
184
212
184
210
190
198
186
218
178
190
214
184
202
204
194
212
192
196
214
186
282
282
294
266
296
266
294
280
290
280
278
290
276
286
276
286
270
290
272
284
272
282
282
286
272
286
290
262
302
266
282
292
258
288
266
270
282
268
276
278
276
298
246
304
262
298
264
282
282
272
288
272
282
290
266
290
270
284
280
272
276
270
298
256
286
282
266
280
260
282
260
294
252
288
272
268
280
288
274
258
298
264
276
266
284
280
262
262
288
260
282
264
286
274
268
286
274
266
294
278
272
272
282
278
264
290
260
288
270
280
274
284
262
284
286
258
292
264
286
268
280
288
280
266
274
272
290
256
302
262
272
298
256
284
276
276
280
276
272
276
282
250
296
266
274
282
274
290
268
266
284
284
256
292
262
286
274
288
268
292
258
292
286
256
288
292
246
308
260
294
278
290
268
296
282
264
306
268
280
282
286
284
270
304
282
280
280
288
274
286
276
280
288
272
292
258
290
278
282
262
304
270
282
284
282
280
280
288
272
296
268
290
288
276
300
280
290
300
284
294
286
298
292
278
302
272
298
270
302
266
294
296
262
310
278
284
292
308
268
298
282
296
276
320
276
318
306
326
330
328
302
320
304
326
332
338
302
306
330
296
310
282
284
286
300
324
316
290
320
270
300
326
332
306
318
314
302
294
286
246
270
300
290
260
280
234
246
282
272
276
298
290
304
268
282
296
282
354
300
322
290
292
280
274
258
268
298
280
274
290
280
288
308
310
286
328
348
316
296
338
294
328
306
332
268
314
302
304
286
324
282
334
328
280
330
302
316
340
316
328
320
298
314
304
298
298
300
318
276
324
270
330
272
306
306
320
318
302
318
288
328
290
324
302
314
310
292
300
296
298
300
300
310
302
284
332
280
316
314
324
298
334
312
326
318
310
336
306
318
328
296
316
306
332
288
320
308
306
306
310
318
304
314
312
304
298
318
322
284
318
290
288
300
290
306
276
294
296
272
308
276
282
288
296
308
262
340
282
294
290
322
294
296
300
272
300
298
270
296
300
260
300
268
304
258
320
284
294
296
298
288
292
300
306
290
320
288
280
304
308
288
288
304
300
300
308
294
288
314
300
272
276
280
266
286
254
286
280
278
270
288
268
286
288
274
286
274
288
282
276
268
282
272
278
274
268
278
276
274
270
268
274
274
252
272
268
262
270
254
286
240
272
276
254
274
264
280
264
278
252
296
244
274
274
248
280
256
272
256
270
260
250
276
256
270
256
264
268
258
264
258
270
262
270
256
284
240
284
260
260
284
254
266
268
256
276
262
264
264
274
262
268
266
266
282
248
282
250
288
258
262
266
260
270
256
262
266
252
272
262
276
254
280
268
250
274
262
268
266
254
284
258
286
242
274
264
248
280
248
264
256
264
262
262
264
268
256
268
262
274
256
272
250
286
250
276
256
274
264
270
262
262
278
252
268
268
256
286
252
278
268
266
272
260
290
250
268
288
264
264
274
272
270
268
276
280
260
288
276
282
266
284
270
272
290
268
268
282
260
286
266
272
270
280
282
264
292
264
284
262
286
268
282
268
278
282
284
268
286
266
288
272
268
292
250
288
284
282
252
300
272
282
268
300
262
294
294
268
292
282
286
282
286
274
290
288
260
304
270
292
286
300
282
292
290
286
290
282
290
306
288
288
292
298
270
294
290
266
292
276
284
276
278
274
278
276
276
276
266
284
264
274
274
272
268
278
262
270
258
278
252
306
252
292
272
260
288
260
292
252
304
250
282
278
256
296
248
284
262
276
264
286
260
286
262
294
270
284
290
264
302
254
290
278
274
280
284
296
278
288
312
272
300
296
278
308
262
294
278
266
302
264
272
296
264
274
298
246
282
284
254
298
272
270
286
272
286
266
268
288
254
270
274
266
270
284
260
274
282
258
274
268
254
270
260
270
258
276
264
272
286
264
284
288
270
280
304
256
290
278
268
278
274
276
260
294
262
272
270
270
270
280
260
274
288
266
294
286
272
310
270
292
280
284
282
272
282
270
286
258
308
268
284
290
280
296
270
296
270
284
264
288
256
272
260
266
256
260
278
248
276
264
262
260
274
268
262
280
260
312
252
308
284
292
284
304
294
290
310
282
294
298
274
310
268
294
282
296
288
288
294
284
302
266
308
276
300
274
298
282
290
292
282
292
278
276
304
256
302
248
300
254
284
268
282
246
294
256
264
288
274
290
286
270
306
296
276
318
274
314
280
298
292
302
296
312
298
296
312
294
294
302
276
312
286
294
296
290
314
292
310
290
292
330
274
310
312
296
294
302
288
306
286
286
308
266
278
286
268
270
304
258
292
264
294
258
290
282
272
292
278
280
288
276
272
276
286
270
302
256
290
300
274
290
290
292
298
300
282
292
298
288
312
272
318
284
306
294
294
312
316
280
336
302
318
290
334
290
314
320
312
314
288
308
294
296
292
296
284
300
280
288
286
294
280
296
286
274
292
264
302
260
294
272
270
278
278
284
262
278
268
284
252
282
260
278
308
272
300
296
302
298
306
310
288
320
294
310
326
296
316
326
308
332
310
316
306
326
324
290
308
300
288
286
284
294
272
284
270
290
266
276
278
272
286
282
264
290
274
276
260
268
262
286
254
282
272
272
280
270
276
288
272
292
280
276
282
302
260
306
268
274
296
278
270
284
308
274
308
296
314
302
294
322
306
284
308
290
294
288
298
282
294
292
290
284
290
300
302
284
296
306
290
306
304
306
310
296
318
304
298
290
316
290
308
296
300
282
308
282
284
302
290
280
288
288
286
284
300
280
278
300
276
292
286
290
280
304
276
276
296
280
288
272
294
290
276
298
282
290
278
286
292
282
280
292
276
290
280
276
296
278
292
278
298
274
286
270
302
268
280
286
282
284
278
282
292
268
292
288
280
282
296
288
278
260
306
254
312
268
286
282
288
274
302
268
298
288
278
292
276
306
270
294
270
294
290
278
292
280
286
288
276
286
290
278
278
280
278
286
274
290
270
286
284
278
268
292
272
276
288
262
290
276
288
278
276
290
274
268
276
282
264
282
280
264
286
256
286
270
276
266
296
260
286
282
270
284
264
284
276
262
284
262
274
280
262
298
264
288
254
294
266
288
270
270
290
284
262
286
288
270
276
280
274
284
270
268
276
272
256
270
284
250
284
268
272
278
270
260
266
274
256
276
284
268
270
286
260
280
272
286
278
260
294
282
276
288
290
202
234
212
212
212
234
202
220
220
200
228
214
214
210
220
212
202
224
192
232
212
196
226
206
208
210
216
208
224
216
206
222
212
230
206
220
214
222
218
214
202
236
192
208
218
186
222
198
214
200
222
198
222
198
226
208
208
232
218
212
222
208
226
208
232
208
232
220
220
210
232
220
236
200
240
218
214
222
214
228
192
238
214
214
232
212
218
226
218
226
222
228
230
198
236
222
196
252
216
210
218
222
200
222
212
206
218
212
222
208
212
222
196
226
198
220
204
218
214
208
222
216
208
218
234
206
212
226
210
224
222
220
224
210
226
220
202
232
216
210
228
208
222
226
214
218
222
228
218
226
210
224
212
232
192
222
220
204
220
202
212
206
218
192
234
196
232
190
230
212
204
228
224
196
236
210
216
210
206
226
212
200
236
208
226
224
218
228
232
208
236
222
220
228
218
212
232
218
206
238
204
236
230
208
230
234
200
238
208
236
198
228
218
208
236
196
236
226
222
234
216
232
234
218
220
220
240
222
222
224
224
210
212
248
192
210
246
234
220
248
228
228
230
232
218
242
226
238
230
238
234
236
238
230
246
234
240
236
254
218
244
248
238
242
232
248
248
238
242
242
254
230
248
244
240
238
236
248
230
244
232
250
226
244
236
226
228
232
216
242
226
224
240
212
248
212
236
222
236
228
214
240
226
228
228
214
250
216
238
238
220
240
222
228
232
222
220
234
216
232
240
220
230
228
220
238
208
244
228
218
246
214
226
244
218
226
222
250
202
244
232
226
242
224
234
230
226
232
226
240
230
236
240
230
222
242
218
240
228
226
264
210
252
244
220
256
238
238
248
244
226
252
226
266
224
244
246
226
244
250
234
246
250
240
266
250
236
276
222
282
228
246
260
242
246
262
242
254
250
256
258
240
258
254
252
242
254
252
236
256
248
248
252
244
258
230
266
232
258
248
238
256
238
230
256
244
246
244
252
236
252
242
240
242
250
226
256
238
250
226
256
240
232
252
230
244
252
238
228
254
234
230
224
250
224
246
218
234
226
232
226
220
252
210
246
234
228
244
238
232
282
248
266
276
260
252
284
256
264
272
244
280
260
250
268
272
246
260
268
248
260
254
272
248
256
260
246
266
250
238
262
254
258
248
262
250
266
242
268
254
260
244
262
252
242
254
252
242
262
228
252
258
240
252
242
250
242
248
266
230
256
248
258
254
246
254
248
276
216
264
256
232
272
234
236
272
238
258
246
244
248
250
232
260
232
258
242
248
232
260
244
234
242
244
248
228
254
238
250
224
250
248
228
252
242
238
244
238
248
236
256
226
248
244
242
242
236
244
248
220
260
226
256
236
238
238
242
250
238
246
246
246
250
248
256
246
234
266
232
270
220
272
248
244
256
236
268
244
258
246
252
256
260
236
274
240
244
272
226
272
244
240
250
252
258
238
260
252
240
252
252
256
238
256
252
260
250
246
252
250
246
246
242
258
250
240
254
250
238
264
222
270
236
260
238
246
256
246
244
252
246
246
256
248
250
244
258
254
242
256
256
244
266
234
258
266
234
254
266
244
256
242
270
246
272
232
268
264
242
268
240
268
268
240
272
224
214
228
220
226
224
216
228
218
222
216
220
218
232
220
222
222
222
218
232
210
228
224
224
228
220
236
224
212
252
206
232
232
228
212
242
226
220
232
230
226
234
234
216
252
218
234
232
214
242
232
220
238
212
244
232
224
224
244
208
232
236
222
232
242
218
248
206
242
224
228
212
242
220
228
232
206
254
210
238
234
224
240
222
230
224
230
232
228
222
250
214
234
226
256
210
256
226
238
238
240
234
234
246
238
238
236
242
224
246
234
234
248
240
214
246
248
214
246
234
252
226
240
244
234
240
230
236
228
254
224
238
242
232
232
258
244
222
252
250
230
232
244
238
240
244
246
242
252
252
230
240
254
240
242
254
234
246
240
252
244
244
262
230
252
238
242
244
240
250
254
236
266
250
244
252
240
252
260
246
260
258
258
238
270
224
276
244
258
242
254
252
258
252
240
266
254
248
260
250
252
268
256
248
248
270
238
260
268
236
274
246
256
256
256
238
268
242
252
260
234
274
242
250
256
232
268
238
252
250
264
242
262
242
266
264
264
264
252
278
266
258
278
272
264
274
266
272
268
256
272
274
256
274
266
268
276
254
282
264
262
288
254
278
256
280
262
278
266
260
280
260
274
264
258
276
254
274
258
258
286
254
284
250
284
268
254
284
240
280
242
266
264
242
272
238
278
260
254
254
268
258
248
272
252
250
264
260
260
256
256
258
252
270
240
258
252
252
246
258
260
254
250
254
244
268
236
248
252
258
238
264
240
262
232
252
268
252
248
262
262
260
238
266
246
252
250
262
244
246
280
226
262
252
252
248
262
230
272
252
250
244
254
256
260
232
272
242
268
244
250
258
246
256
252
238
258
250
242
256
246
262
240
258
244
246
232
254
242
230
262
236
236
262
228
248
238
248
230
248
242
238
250
232
240
250
206
272
218
252
246
224
262
234
248
238
256
232
256
248
246
240
248
244
238
248
236
242
248
232
252
230
260
232
254
244
238
256
230
256
236
252
248
246
248
246
244
262
236
264
230
262
242
244
236
248
248
236
236
252
242
238
244
236
244
234
250
230
238
342
296
344
292
348
302
314
336
316
314
324
322
328
320
322
328
312
334
322
316
328
324
316
322
322
320
312
314
328
304
316
324
330
300
332
332
310
318
316
330
300
330
320
318
314
314
338
294
336
322
304
324
328
294
338
304
300
328
302
326
298
314
316
300
310
322
302
314
308
318
298
340
278
336
288
318
320
298
308
326
298
316
310
314
296
336
282
328
300
312
314
308
308
310
310
306
310
316
290
340
288
320
300
322
288
330
312
300
308
316
310
302
320
302
324
298
308
306
322
294
300
332
292
320
300
312
314
300
304
310
304
298
318
298
316
284
318
286
318
286
304
302
306
294
296
320
282
326
282
314
304
304
298
316
290
322
286
308
304
298
312
296
296
312
296
304
314
308
304
308
318
300
324
296
314
316
310
308
318
294
318
320
300
310
320
312
310
304
338
298
302
336
292
332
292
328
308
304
320
306
306
308
304
304
314
304
306
312
316
302
304
322
306
304
310
326
310
318
308
320
300
330
292
326
318
304
318
324
300
322
318
312
316
304
324
222
248
232
236
250
228
240
236
240
238
238
244
236
238
248
234
250
224
258
230
248
244
228
240
244
246
230
248
236
236
260
224
256
234
250
242
252
250
240
248
242
266
230
266
234
260
236
270
220
282
224
260
238
262
234
260
240
254
246
244
250
244
246
236
256
228
254
242
256
234
236
252
238
242
248
236
248
234
248
244
246
230
264
222
256
232
246
248
234
242
258
232
246
242
256
230
248
244
230
252
236
240
248
236
246
238
252
252
234
248
246
228
252
232
260
222
256
238
242
236
222
272
210
264
218
256
238
236
244
242
218
246
254
218
244
258
224
244
252
236
234
248
232
258
224
252
238
246
234
258
234
250
244
254
236
258
232
242
256
230
250
238
244
254
242
244
256
244
248
252
240
256
234
260
240
244
252
238
250
244
244
242
252
234
254
256
224
258
248
232
254
262
228
266
244
244
242
262
232
258
236
264
232
256
254
242
236
258
228
266
228
262
244
240
260
234
242
258
240
246
250
226
254
240
240
246
238
236
258
234
244
240
242
248
238
236
226
232
240
222
236
246
224
248
224
240
240
218
252
210
254
222
246
224
234
230
238
222
248
218
246
230
238
250
232
238
248
240
252
236
250
228
262
236
250
252
246
246
252
246
244
248
240
242
244
250
224
268
228
262
240
256
240
252
256
230
270
240
256
250
240
252
242
250
244
252
246
250
262
234
256
254
248
256
234
262
252
246
252
246
244
256
242
246
248
246
256
232
260
234
248
244
272
226
264
248
238
260
258
230
262
254
250
242
244
280
222
278
240
250
260
252
240
256
246
262
238
256
256
246
258
238
270
252
252
262
254
268
246
274
240
272
240
276
246
262
262
262
262
260
246
276
250
264
256
256
266
248
264
252
262
246
256
260
252
248
260
256
246
256
264
248
242
256
254
248
246
254
248
240
258
232
254
240
272
220
262
232
250
246
228
264
212
264
242
224
264
218
260
236
240
238
246
238
244
224
254
244
234
250
232
256
226
254
238
248
242
234
252
248
232
250
250
246
232
256
240
248
234
252
234
248
244
234
236
234
250
226
232
256
302
314
300
326
292
322
294
332
278
336
290
328
290
322
306
306
298
316
304
306
304
298
316
296
316
296
314
298
306
288
330
274
318
292
306
298
312
292
312
290
310
290
316
292
306
296
316
284
314
288
304
296
298
290
294
308
296
284
310
278
298
292
288
302
282
300
286
302
276
306
274
302
288
292
286
292
296
294
274
302
286
288
292
282
312
256
310
282
280
302
282
274
310
270
298
268
298
286
290
278
294
290
286
280
294
290
274
288
288
274
294
284
280
282
286
282
284
286
272
292
284
270
290
282
290
284
282
298
272
288
286
290
276
304
276
292
276
298
282
288
274
292
284
294
270
284
292
282
286
270
302
274
276
298
270
288
290
272
294
278
276
288
294
262
306
272
300
274
286
294
286
266
304
278
290
288
272
286
296
256
298
288
258
312
264
276
290
292
274
288
272
298
284
270
290
272
294
270
284
276
280
274
284
274
290
274
278
286
276
288
272
278
302
266
302
288
282
284
290
286
292
284
288
312
284
286
324
274
302
296
286
302
294
288
292
308
266
318
264
298
290
288
302
282
292
306
274
298
302
286
302
286
292
300
294
300
302
292
302
298
300
300
294
314
310
294
308
320
290
322
290
322
284
334
290
318
300
308
308
320
306
316
314
314
308
314
314
304
312
326
292
336
286
314
318
288
318
310
296
324
296
318
306
304
318
298
318
302
306
302
304
314
294
322
286
312
310
294
314
306
324
282
330
302
310
318
292
318
310
302
318
312
314
308
318
312
304
326
312
304
328
304
322
310
318
308
328
312
316
310
320
332
306
326
308
316
320
334
288
346
300
318
320
322
320
320
312
340
302
334
300
322
316
316
318
312
330
316
318
320
312
334
318
320
318
326
328
320
330
314
340
310
328
328
330
318
330
320
332
312
346
320
322
326
338
322
326
322
338
320
318
338
310
328
320
332
308
340
318
336
328
314
350
324
316
352
322
342
330
328
340
320
336
334
326
340
320
334
336
336
326
342
330
322
340
348
310
352
312
354
330
328
318
348
314
340
322
346
334
318
362
320
346
330
344
350
322
368
320
244
220
230
230
218
238
220
222
228
210
224
230
200
228
214
232
208
218
222
234
210
244
220
244
226
234
226
246
214
238
224
226
224
218
244
208
236
230
228
240
202
242
228
216
240
210
246
224
242
224
232
240
222
244
230
224
228
242
218
230
244
236
234
234
248
226
244
236
234
240
238
224
236
220
222
220
240
210
210
232
226
192
238
214
200
232
218
210
238
194
228
224
196
216
206
196
218
194
216
202
208
206
210
214
214
208
218
222
216
214
216
216
208
206
220
202
208
214
206
200
204
198
208
184
200
200
202
182
248
164
228
202
202
200
206
216
186
214
214
192
224
222
202
228
214
228
204
218
222
216
206
230
200
206
226
204
218
210
222
206
212
214
198
198
218
190
204
206
196
198
212
182
214
204
180
238
178
226
210
202
210
204
210
190
200
212
196
172
220
188
198
194
200
206
206
184
220
190
210
204
214
192
230
184
212
208
188
222
200
208
198
200
208
190
214
188
204
206
204
210
188
204
208
186
232
168
214
194
200
208
188
204
188
202
196
258
232
262
242
240
258
242
240
240
262
232
238
254
230
246
248
238
236
264
226
254
240
248
244
232
260
242
240
248
240
254
244
242
248
238
248
234
238
248
240
224
254
228
240
218
266
228
216
278
206
268
224
252
250
222
260
234
244
230
246
232
250
232
242
252
230
250
234
250
236
236
250
234
236
230
254
234
240
244
224
250
234
238
242
232
236
240
230
250
224
256
208
252
236
218
256
214
236
234
236
220
238
226
244
210
248
216
226
240
202
248
224
218
238
220
244
216
240
228
238
230
234
236
234
238
226
238
228
238
226
236
228
230
240
224
244
226
228
242
232
228
242
224
248
224
228
240
226
248
222
242
230
244
230
232
248
236
220
252
222
248
214
262
204
262
216
224
254
214
252
212
248
222
248
228
232
226
248
226
226
228
248
208
248
230
234
240
234
240
230
246
222
244
240
238
226
236
238
236
248
222
244
232
236
246
236
230
240
240
248
234
248
246
228
246
250
226
244
248
212
270
228
240
242
252
238
228
260
244
238
248
240
240
250
242
324
318
308
316
312
296
328
306
320
308
320
304
324
298
336
290
314
310
322
306
300
326
312
314
312
308
324
296
312
320
308
310
334
290
346
286
334
310
318
326
314
314
326
306
336
292
326
326
314
320
330
306
336
314
312
326
324
310
324
322
314
320
338
296
344
302
334
298
334
296
330
304
326
310
328
312
318
322
326
316
314
318
318
308
326
306
326
314
312
318
314
306
310
306
324
292
320
302
304
318
302
306
314
308
308
316
294
316
300
304
318
298
318
294
334
300
312
308
316
300
300
316
314
296
322
276
330
292
318
290
306
318
286
318
302
292
308
310
296
296
312
296
304
292
316
304
280
328
288
310
292
298
308
280
332
280
296
304
312
280
298
306
284
304
282
296
276
296
296
280
300
282
286
306
286
280
290
300
276
288
286
298
266
296
274
298
288
274
304
272
294
282
292
280
304
274
298
274
292
280
286
276
308
258
310
278
284
304
264
296
292
272
294
296
254
302
284
274
298
276
312
252
314
276
292
278
302
270
302
280
294
282
294
276
308
298
288
294
290
300
284
306
274
304
294
284
284
308
280
298
292
292
298
286
304
286
290
300
280
294
302
288
290
308
284
286
312
286
292
296
300
284
300
296
302
290
302
294
294
310
284
306
298
298
302
290
312
286
314
294
296
306
298
290
310
292
306
296
294
302
296
284
312
290
294
288
304
294
292
304
294
296
308
290
300
306
286
314
288
298
306
296
304
306
290
320
282
314
296
288
304
286
302
300
292
304
298
308
288
304
274
322
290
284
300
296
288
302
286
312
282
308
292
300
292
288
314
280
312
276
314
278
304
288
304
294
290
310
278
302
294
282
308
276
310
274
304
290
274
304
274
298
276
316
258
310
286
296
278
316
278
302
284
310
276
294
302
298
284
294
290
306
282
286
298
288
286
294
284
278
302
268
292
280
276
292
268
296
272
280
300
264
294
274
276
308
260
304
284
280
282
296
272
286
270
284
282
278
280
282
290
264
278
282
286
268
296
264
286
286
262
304
280
286
260
322
266
284
288
278
298
270
300
272
290
276
298
270
278
290
292
302
286
298
294
290
300
302
284
300
292
302
294
292
292
298
292
290
290
304
286
298
294
304
272
310
288
298
296
300
298
308
292
308
292
308
296
300
308
294
306
294
320
288
312
306
294
298
302
286
318
296
298
300
298
292
302
288
312
288
302
298
290
304
296
302
290
288
294
304
294
286
308
286
302
296
286
302
286
304
276
304
290
284
298
294
292
284
312
274
300
286
308
268
314
280
302
292
296
306
270
310
288
304
278
308
290
294
300
294
294
292
298
296
284
304
274
308
286
292
286
290
302
278
292
294
272
306
270
296
276
296
292
276
304
278
274
298
276
286
294
268
292
278
286
290
262
310
260
306
254
308
266
282
290
276
290
284
272
292
276
276
288
276
278
270
292
278
282
282
280
278
290
284
284
280
298
280
288
280
290
278
296
254
310
274
282
274
292
278
282
290
266
278
294
276
272
298
274
292
290
276
288
292
272
292
286
276
290
290
284
274
296
280
288
282
286
278
300
274
288
290
280
292
286
296
276
300
262
300
284
274
294
284
260
296
270
272
276
292
268
284
290
272
300
278
288
284
298
276
284
294
288
290
282
288
278
294
284
284
294
278
300
288
280
294
288
294
280
308
270
312
288
278
316
282
296
292
300
284
300
290
294
298
290
314
254
320
284
298
296
296
302
302
288
292
308
284
310
298
286
310
298
306
278
316
294
290
312
276
326
270
314
298
294
314
296
286
320
302
286
324
290
302
308
298
304
298
308
298
302
300
310
300
294
314
298
300
298
294
286
310
280
314
286
312
294
306
296
304
296
290
302
316
276
316
280
312
282
296
306
288
296
296
296
296
294
296
302
292
306
292
290
308
288
284
296
300
272
310
280
298
292
294
294
290
306
284
304
288
298
310
280
296
314
272
310
302
284
306
302
294
294
320
274
322
268
332
262
326
282
306
290
290
300
304
298
302
304
298
308
294
306
298
306
290
304
300
306
288
316
292
310
298
296
312
314
284
318
286
304
292
294
310
266
330
276
290
308
304
284
292
302
296
290
308
286
298
300
284
314
274
314
292
292
296
296
300
282
286
280
276
292
258
302
260
280
288
278
272
290
276
282
278
290
276
274
294
266
284
296
256
308
264
308
278
270
304
272
276
288
284
270
294
274
292
270
284
290
270
290
290
278
278
292
282
294
278
290
294
284
280
294
280
282
304
274
282
296
284
302
270
300
288
288
294
272
312
262
300
280
288
296
282
290
300
264
296
294
284
284
294
284
288
300
274
294
278
306
256
308
286
272
296
278
280
294
272
298
264
296
284
282
290
274
292
274
280
298
270
284
290
274
298
276
290
288
282
276
288
292
268
298
276
296
260
304
284
272
290
284
282
288
290
266
306
266
294
262
298
270
284
264
308
250
292
266
292
272
274
276
272
276
270
286
268
280
270
298
248
298
256
284
272
282
260
278
272
270
274
270
264
262
276
268
260
268
280
254
270
274
260
262
274
262
264
266
276
250
284
258
272
272
262
280
270
272
274
272
270
278
270
268
268
264
278
258
286
246
284
258
278
262
282
260
270
284
256
284
272
266
268
278
272
256
282
280
250
296
248
276
268
274
262
286
266
296
272
270
282
278
284
254
290
272
266
298
248
286
284
270
252
308
256
280
270
266
272
254
286
250
274
278
248
270
256
272
260
262
262
270
254
284
258
266
274
242
274
258
270
260
270
274
248
274
260
266
268
252
282
248
264
262
266
254
262
254
266
246
268
252
268
262
248
248
278
238
264
262
248
264
252
268
242
276
236
270
248
254
262
266
242
276
240
272
254
242
270
252
252
260
258
256
256
250
248
278
230
274
242
266
244
242
276
232
264
230
276
226
274
228
256
254
254
246
254
246
266
236
260
240
256
236
262
250
224
260
258
246
248
246
254
246
238
260
254
242
254
258
232
260
256
244
256
266
242
252
260
244
274
232
282
246
248
264
252
248
242
260
246
244
256
250
254
244
250
256
228
266
234
254
238
264
234
264
232
254
252
256
234
270
230
264
250
248
262
240
264
246
256
250
260
236
260
246
258
242
260
252
242
256
242
254
260
240
264
248
268
242
264
264
250
